time,east,north,up,accuracy_latitude,accuracy_longitude,accuracy_altitude
1707822196.8,0.0,0.0,0.0,0.0215,0.0248,0.0188
1707822196.9,-0.03050521423503031,0.051462145297755134,0.0020999999999986585,0.0215,0.0248,0.0188
1707822197.0,-0.06167237578432954,0.1028708931578895,0.0040000000000048885,0.0272,0.0311,0.0221
1707822197.1,-0.09464862567800325,0.15358213283169111,0.004599999999996385,0.0214,0.0246,0.019
1707822197.2,-0.12941776725807252,0.20375828217393063,0.004300000000000637,0.0214,0.0246,0.019
1707822197.3,-0.16616570913552314,0.25335595479353,0.0027999999999934744,0.0214,0.0246,0.019
1707822197.4,-0.20430092397793834,0.3028212448209204,0.0007999999999981355,0.0214,0.0246,0.019
1707822197.5,-0.2429290783013632,0.3526914681295722,-0.0011000000000080945,0.0214,0.0246,0.019
1707822197.6,-0.281385407920583,0.4030823203470712,-0.0024999999999977263,0.0214,0.0246,0.019
1707822197.7,-0.31899388155855446,0.4544243210563573,-0.0030000000000001137,0.0214,0.0246,0.019
1707822197.8,-0.35545803109335994,0.5065483764845795,-0.002600000000001046,0.0214,0.0246,0.019
1707822197.9,-0.39090320411845325,0.5591519020954127,-0.0011999999999972033,0.0214,0.0246,0.019
1707822198.0,-0.4259772640413227,0.6120535639893322,0.0005999999999914962,0.0269,0.0309,0.0222
1707822198.1,-0.4614372252049315,0.6645825534064603,0.0024999999999977263,0.0215,0.0242,0.0192
1707822198.2,-0.49811897232295843,0.7163506247378032,0.0036999999999949296,0.0215,0.0242,0.0192
1707822198.3,-0.5367252965264807,0.7673878132459224,0.0037999999999982492,0.0215,0.0242,0.0192
1707822198.4,-0.5771512719904645,0.8177508550351237,0.0030000000000001137,0.0215,0.0242,0.0192
1707822198.5,-0.6189088884080953,0.8677801589471503,0.0014000000000038426,0.0215,0.0242,0.0192
1707822198.6,-0.6612129636228488,0.9175291259578457,-0.0006000000000057071,0.0215,0.0242,0.0192
1707822198.7,-0.702871288069325,0.9669376805885751,-0.0023999999999944066,0.0215,0.0242,0.0192
1707822198.8,-0.7429395301621243,1.0162416644706822,-0.003200000000006753,0.0215,0.0242,0.0192
1707822198.9,-0.7815683887172841,1.065599047205699,-0.002899999999996794,0.0215,0.0242,0.0192
1707822199.0,-0.8191768622432684,1.1154492470059765,-0.001599999999996271,0.027,0.0304,0.0224
1707822199.1,-0.8567113949646877,1.1659913921992826,0.00019999999999242846,0.0216,0.0237,0.0194
1707822199.2,-0.8949853370196089,1.217292232059399,0.0016999999999995907,0.0216,0.0237,0.0194
1707822199.3,-0.9344923321767702,1.2688934351597991,0.002600000000001046,0.0216,0.0237,0.0194
1707822199.4,-0.9751549185849194,1.3202276489491618,0.0027000000000043656,0.0216,0.0237,0.0194
1707822199.5,-1.0169991516423813,1.3704872316992283,0.0018999999999920192,0.0216,0.0237,0.0194
1707822199.6,-1.0592997058664413,1.4193896202591143,0.0006999999999948159,0.0216,0.0237,0.0194
1707822199.7,-1.1015467409423692,1.4670271480813464,-0.00039999999999906777,0.0216,0.0237,0.0194
1707822199.8,-1.1434677316753419,1.5140817488047664,-0.0011999999999972033,0.0216,0.0237,0.0194
1707822199.9,-1.1846162157510944,1.5615323834723924,-0.0015000000000071623,0.0216,0.0237,0.0194
1707822200.0,-1.224983742612783,1.6101099349074481,-0.0011000000000080945,0.0271,0.0298,0.0226
1707822200.1,-1.264633690316866,1.6599623595419892,-0.00010000000000331966,0.0217,0.0233,0.0195
1707822200.2,-1.304242794428115,1.7106135265677342,0.0010000000000047748,0.0217,0.0233,0.0195
1707822200.3,-1.3442089276228202,1.7611156247442914,0.001599999999996271,0.0217,0.0233,0.0195
1707822200.4,-1.384475753937897,1.8109524748313413,0.0020999999999986585,0.0217,0.0233,0.0195
1707822200.5,-1.4256002951425486,1.8591395544078506,0.0020999999999986585,0.0217,0.0233,0.0195
1707822200.6,-1.4673719956909346,1.905443249507317,0.001599999999996271,0.0217,0.0233,0.0195
1707822200.7,-1.5091817229612086,1.9501761571278973,0.0010999999999938836,0.0217,0.0233,0.0195
1707822200.8,-1.5507520224163711,1.9935173856272081,0.0005000000000023874,0.0217,0.0233,0.0195
1707822200.9,-1.5918850140098861,2.0365471260072714,0.00010000000000331966,0.0217,0.0233,0.0195
1707822201.0,-1.6321257850386255,2.0796436142458274,0.00039999999999906777,0.0272,0.0293,0.0228
1707822201.1,-1.6721383953440818,2.123150598558949,0.0011999999999972033,0.0221,0.0224,0.0198
1707822201.2,-1.712093261390965,2.166997993836748,0.0024999999999977263,0.0221,0.0224,0.0198
1707822201.3,-1.7522523452340364,2.2106885326377905,0.0040000000000048885,0.0221,0.0224,0.0198
1707822201.4,-1.7935170221706576,2.2538595542394737,0.0053000000000054115,0.0221,0.0224,0.0198
1707822201.5,-1.8360168648487298,2.295575486820435,0.005700000000004479,0.0221,0.0224,0.0198
1707822201.6,-1.8798673619533803,2.335683921449512,0.005200000000002092,0.0221,0.0224,0.0198
1707822201.7,-1.9246833164756048,2.373862247959073,0.0036999999999949296,0.0221,0.0224,0.0198
1707822201.8,-1.969816864951921,2.4108001883231713,0.001999999999995339,0.0221,0.0224,0.0198
1707822201.9,-2.014715210835554,2.447167439592197,0.0006999999999948159,0.0221,0.0224,0.0198
1707822202.0,-2.059541728385853,2.4836370353602923,0.00010000000000331966,0.0276,0.0282,0.0231
1707822202.1,-2.1042626159353763,2.5206784340558808,0.0002999999999957481,0.0227,0.0205,0.0203
1707822202.2,-2.1492475783468534,2.5585018874704053,0.0014999999999929514,0.0227,0.0205,0.0203
1707822202.3,-2.195320528786425,2.596624591708082,0.002899999999996794,0.0227,0.0205,0.0203
1707822202.4,-2.2428737064684574,2.634545941368437,0.004300000000000637,0.0227,0.0205,0.0203
1707822202.5,-2.2921732986701406,2.671709708779114,0.005099999999998772,0.0227,0.0205,0.0203
1707822202.6,-2.343058043603356,2.7072570810237853,0.005200000000002092,0.0227,0.0205,0.0203
1707822202.7,-2.3952561205289906,2.7413693863408195,0.004899999999992133,0.0227,0.0205,0.0203
1707822202.8,-2.4485421855387135,2.7733980636053333,0.0037999999999982492,0.0227,0.0205,0.0203
1707822202.9,-2.5019620484747596,2.803418762135808,0.002300000000005298,0.0227,0.0205,0.0203
1707822203.0,-2.5540932264092358,2.832070027764717,0.001300000000000523,0.0283,0.026,0.0236
1707822203.1,-2.605154021381072,2.8591449459520146,0.0005000000000023874,0.0235,0.0173,0.0208
1707822203.2,-2.654727547129061,2.8856180266569016,0.0005999999999914962,0.0235,0.0173,0.0208
1707822203.3,-2.70302295084756,2.9119164507956334,0.0014999999999929514,0.0235,0.0173,0.0208
1707822203.4,-2.7507831630847392,2.9376397368784097,0.0027999999999934744,0.0235,0.0173,0.0208
1707822203.5,-2.7982476116557105,2.9629213784992827,0.004199999999997317,0.0235,0.0173,0.0208
1707822203.6,-2.845577558068623,2.9878069861759493,0.00560000000000116,0.0235,0.0173,0.0208
1707822203.7,-2.893359600481699,3.0119984215023905,0.006699999999995043,0.0235,0.0173,0.0208
1707822203.8,-2.941254314876937,3.03477036515633,0.0069000000000016826,0.0235,0.0173,0.0208
1707822203.9,-2.9875737351130067,3.057057280080222,0.00730000000000075,0.0235,0.0173,0.0208
1707822204.0,-3.033079100867288,3.0772817028770993,0.006399999999999295,0.0292,0.0224,0.0241
1707822204.1,-3.077211981963101,3.0963135748804747,0.005200000000002092,0.0242,0.0149,0.0213
1707822204.2,-3.120213918798775,3.11488489062306,0.004400000000003956,0.0242,0.0149,0.0213
1707822204.3,-3.162931359172056,3.1318108862312766,0.002600000000001046,0.0242,0.0149,0.0213
1707822204.4,-3.2049262908215805,3.1486601229344577,0.001599999999996271,0.0242,0.0149,0.0213
1707822204.5,-3.2461360402025936,3.1650944131869014,0.0010999999999938836,0.0242,0.0149,0.0213
1707822204.6,-3.2861796353045443,3.181528703439345,0.0014000000000038426,0.0242,0.0149,0.0213
1707822204.7,-3.3250035570352945,3.198009716626618,0.002600000000001046,0.0242,0.0149,0.0213
1707822204.8,-3.362642311294019,3.2144962933148395,0.004300000000000637,0.0242,0.0149,0.0213
1707822204.9,-3.399290256856593,3.230683619179909,0.006100000000003547,0.0242,0.0149,0.0213
1707822205.0,-3.4356332840763666,3.2465238595775103,0.007899999999992247,0.0299,0.0197,0.0247
1707822205.1,-3.472014338074022,3.2615898307608098,0.009399999999999409,0.0247,0.0132,0.0217
1707822205.2,-3.508741154063305,3.2748992365583267,0.009699999999995157,0.0247,0.0132,0.0217
1707822205.3,-3.5456785255984284,3.286536622087376,0.008899999999997021,0.0247,0.0132,0.0217
1707822205.4,-3.58266730375446,3.2963918580518983,0.007199999999997431,0.0247,0.0132,0.0217
1707822205.5,-3.6195962249007203,3.3047541785673458,0.004899999999992133,0.0247,0.0132,0.0217
1707822205.6,-3.656775841009914,3.312283270345212,0.0027999999999934744,0.0247,0.0132,0.0217
1707822205.7,-3.6938420810731913,3.319877997564438,0.0014999999999929514,0.0247,0.0132,0.0217
1707822205.8,-3.7310815541921563,3.3275962073311742,0.001300000000000523,0.0247,0.0132,0.0217
1707822205.9,-3.768621016255752,3.3352365450680983,0.0018000000000029104,0.0247,0.0132,0.0217
1707822206.0,-3.80637032974544,3.3430137143581145,0.003299999999995862,0.0305,0.0176,0.0252
1707822206.1,-3.844678777531556,3.349968779789512,0.005099999999998772,0.025,0.0117,0.0221
1707822206.2,-3.882794274669305,3.355972696729123,0.006799999999998363,0.025,0.0117,0.0221
1707822206.3,-3.9207562562880516,3.360784062875232,0.008099999999998886,0.025,0.0117,0.0221
1707822206.4,-3.958344308157603,3.364076927978233,0.008799999999993702,0.025,0.0117,0.0221
1707822206.5,-3.995764056313643,3.366354122980507,0.00919999999999277,0.025,0.0117,0.0221
1707822206.6,-4.033244365599201,3.3671673260867814,0.009000000000000341,0.025,0.0117,0.0221
1707822206.7,-4.070686648106879,3.3670093586081826,0.008499999999997954,0.025,0.0117,0.0221
1707822206.8,-4.108499339541039,3.365891341177808,0.007999999999995566,0.025,0.0117,0.0221
1707822206.9,-4.1468648275219735,3.364029092626272,0.007499999999993179,0.025,0.0117,0.0221
1707822207.0,-4.185952119882942,3.360934244849196,0.006799999999998363,0.0308,0.0161,0.0255
1707822207.1,-4.224926740261749,3.3566835553363275,0.00560000000000116,0.0249,0.0129,0.0222
1707822207.2,-4.262159171399327,3.3520802189779753,0.004699999999999704,0.0249,0.0129,0.0222
1707822207.3,-4.29722478087734,3.34711755844077,0.004199999999997317,0.0249,0.0129,0.0222
1707822207.4,-4.33028060531747,3.3425075475796264,0.004699999999999704,0.0249,0.0129,0.0222
1707822207.5,-4.361849160589746,3.337185564986502,0.004699999999999704,0.0249,0.0129,0.0222
1707822207.6,-4.393245891213811,3.3326923607547867,0.00549999999999784,0.0249,0.0129,0.0222
1707822207.7,-4.425113731198983,3.3278620842250795,0.0062999999999959755,0.0249,0.0129,0.0222
1707822207.8,-4.45788153807404,3.322466678563026,0.006699999999995043,0.0249,0.0129,0.0222
1707822207.9,-4.491640153477267,3.3166930404614554,0.007000000000005002,0.0249,0.0129,0.0222
1707822208.0,-4.5258255137700605,3.310003851923963,0.0069000000000016826,0.0307,0.0178,0.0256
1707822208.1,-4.559730602654908,3.302604915781109,0.006599999999991724,0.0245,0.0148,0.0221
1707822208.2,-4.592685022316692,3.2947420875413576,0.006100000000003547,0.0245,0.0148,0.0221
1707822208.3,-4.624495118043291,3.2862941087838187,0.0053000000000054115,0.0245,0.0148,0.0221
1707822208.4,-4.655425668648425,3.2779173261380117,0.004699999999999704,0.0245,0.0148,0.0221
1707822208.5,-4.685874546864377,3.2697363345685773,0.004199999999997317,0.0245,0.0148,0.0221
1707822208.6,-4.716365676968652,3.261800084675186,0.003900000000001569,0.0245,0.0148,0.0221
1707822208.7,-4.7474490388610535,3.2541775456123725,0.003900000000001569,0.0245,0.0148,0.0221
1707822208.8,-4.7789528077813825,3.246636217246056,0.004099999999993997,0.0245,0.0148,0.0221
1707822208.9,-4.8104608019241395,3.2390826508759987,0.004599999999996385,0.0245,0.0148,0.0221
1707822209.0,-4.841306144464899,3.231252082733073,0.005099999999998772,0.0303,0.0199,0.0254
1707822209.1,-4.871269829244983,3.2229409355286265,0.00560000000000116,0.0241,0.0164,0.0218
1707822209.2,-4.899933561931668,3.21419259282316,0.005899999999996908,0.0241,0.0164,0.0218
1707822209.3,-4.9275684592563085,3.204883574192097,0.005700000000004479,0.0241,0.0164,0.0218
1707822209.4,-4.954639292998339,3.1954421729688254,0.005099999999998772,0.0241,0.0164,0.0218
1707822209.5,-4.98179040535058,3.1860063331235686,0.004400000000003956,0.0241,0.0164,0.0218
1707822209.6,-5.009511215027323,3.176643915639596,0.0036999999999949296,0.0241,0.0164,0.0218
1707822209.7,-5.037934815723156,3.167585198647303,0.003299999999995862,0.0241,0.0164,0.0218
1707822209.8,-5.067034447864012,3.1587767832937796,0.003299999999995862,0.0241,0.0164,0.0218
1707822209.9,-5.096337593625316,3.150070714562259,0.0036999999999949296,0.0241,0.0164,0.0218
1707822210.0,-5.125277372497518,3.1414313929815867,0.004300000000000637,0.0299,0.0215,0.0252
1707822210.1,-5.1533495777397995,3.1326074037882163,0.004899999999992133,0.0238,0.0175,0.0216
1707822210.2,-5.1801211266009535,3.1236721693434326,0.0053000000000054115,0.0238,0.0175,0.0216
1707822210.3,-5.205757506091527,3.114568952835285,0.00549999999999784,0.0238,0.0175,0.0216
1707822210.4,-5.230595323414568,3.1050596927516776,0.005200000000002092,0.0238,0.0175,0.0216
1707822210.5,-5.255176107913037,3.09534573871642,0.004699999999999704,0.0238,0.0175,0.0216
1707822210.6,-5.279997728690087,3.0853903845023813,0.004199999999997317,0.0238,0.0175,0.0216
1707822210.7,-5.305371441726183,3.075478413848843,0.003900000000001569,0.0238,0.0175,0.0216
1707822210.8,-5.331383863661157,3.0658156338322313,0.004099999999993997,0.0238,0.0175,0.0216
1707822210.9,-5.357836410216736,3.056331959342658,0.004599999999996385,0.0238,0.0175,0.0216
1707822211.0,-5.384407262328389,3.0472576678028735,0.00539999999999452,0.0296,0.0225,0.0249
1707822211.1,-5.410823894745298,3.038583859875823,0.006000000000000227,0.0236,0.0181,0.0214
1707822211.2,-5.436593367818473,3.0299056029878892,0.006199999999992656,0.0236,0.0181,0.0214
1707822211.3,-5.461619206447705,3.0211950838801966,0.006100000000003547,0.0236,0.0181,0.0214
1707822211.4,-5.485890143261197,3.0120462582696406,0.00539999999999452,0.0236,0.0181,0.0214
1707822211.5,-5.509690674777337,3.0026704910724407,0.004499999999993065,0.0236,0.0181,0.0214
1707822211.6,-5.53331163554413,2.993146767443185,0.0037999999999982492,0.0236,0.0181,0.0214
1707822211.7,-5.556926258505277,2.983377191843687,0.003199999999992542,0.0236,0.0181,0.0214
1707822211.8,-5.580741578271919,2.9738868428513223,0.0030000000000001137,0.0236,0.0181,0.0214
1707822211.9,-5.604701258936966,2.9646234347379568,0.0030000000000001137,0.0236,0.0181,0.0214
1707822212.0,-5.628577139889121,2.9555847419616827,0.003199999999992542,0.0293,0.0231,0.0247
1707822212.1,-5.651802340562841,2.94678522523757,0.00359999999999161,0.0234,0.0184,0.0213
1707822212.2,-5.674236725338146,2.9388289511281602,0.004199999999997317,0.0234,0.0184,0.0213
1707822212.3,-5.696617590909324,2.9312108631491633,0.004899999999992133,0.0234,0.0184,0.0213
1707822212.4,-5.719743499499903,2.9223813118701334,0.004899999999992133,0.0234,0.0184,0.0213
1707822212.5,-5.744605963813793,2.912572798840441,0.004800000000003024,0.0234,0.0184,0.0213
1707822212.6,-5.771394413452674,2.901031084015314,0.004400000000003956,0.0234,0.0184,0.0213
1707822212.7,-5.7996490063152475,2.887718340966401,0.0037999999999982492,0.0234,0.0184,0.0213
1707822212.8,-5.829045810641776,2.873743686371732,0.00359999999999161,0.0234,0.0184,0.0213
1707822212.9,-5.858968651829025,2.8587077511586387,0.003500000000002501,0.0234,0.0184,0.0213
1707822213.0,-5.888558406747927,2.842828575453776,0.0031000000000034333,0.0292,0.0234,0.0246
1707822213.1,-5.916971444471679,2.8276380093058355,0.0031000000000034333,0.0231,0.0192,0.021
1707822213.2,-5.943639476027263,2.8136500057055835,0.0033999999999991815,0.0231,0.0192,0.021
1707822213.3,-5.9684265910731185,2.8005664283699336,0.0036999999999949296,0.0231,0.0192,0.021
1707822213.4,-5.992098958348832,2.7888222458427094,0.004400000000003956,0.0231,0.0192,0.021
1707822213.5,-6.0151474049761715,2.777489671807183,0.005099999999998772,0.0231,0.0192,0.021
1707822213.6,-6.0382071188073265,2.7658233606021256,0.00549999999999784,0.0231,0.0192,0.021
1707822213.7,-6.061706253027353,2.7535385270729686,0.005799999999993588,0.0231,0.0192,0.021
1707822213.8,-6.085531431646328,2.740173497588278,0.00560000000000116,0.0231,0.0192,0.021
1707822213.9,-6.1096256144134395,2.726026413384651,0.005200000000002092,0.0231,0.0192,0.021
1707822214.0,-6.1336367015314135,2.7112863910356695,0.004699999999999704,0.0286,0.0243,0.0243
1707822214.1,-6.157145694659766,2.696660951897141,0.003900000000001569,0.0224,0.0202,0.0206
1707822214.2,-6.1802948417217305,2.6823625733024183,0.003199999999992542,0.0224,0.0202,0.0206
1707822214.3,-6.2028799251450915,2.6683845821639984,0.0027000000000043656,0.0224,0.0202,0.0206
1707822214.4,-6.225033334336709,2.6550896392044847,0.002600000000001046,0.0224,0.0202,0.0206
1707822214.5,-6.246926893888801,2.6424666174219813,0.0030000000000001137,0.0224,0.0202,0.0206
1707822214.6,-6.268673275839525,2.6300471750510623,0.0036999999999949296,0.0224,0.0202,0.0206
1707822214.7,-6.2903781100776675,2.617783476032123,0.004599999999996385,0.0224,0.0202,0.0206
1707822214.8,-6.311866754972083,2.6052405518213395,0.005200000000002092,0.0224,0.0202,0.0206
1707822214.9,-6.332978653190364,2.592436199677534,0.00539999999999452,0.0224,0.0202,0.0206
1707822215.0,-6.353656764593684,2.5795050284424677,0.005200000000002092,0.028,0.0255,0.0239
1707822215.1,-6.373760249330328,2.566247907665439,0.004400000000003956,0.0219,0.0212,0.0203
1707822215.2,-6.393487691566577,2.5528406063297355,0.003299999999995862,0.0219,0.0212,0.0203
1707822215.3,-6.412944721191221,2.5393932565619943,0.0018999999999920192,0.0219,0.0212,0.0203
1707822215.4,-6.432229926167653,2.5259025196955305,0.0005000000000023874,0.0219,0.0212,0.0203
1707822215.5,-6.451565129301524,2.5126053511941087,-0.0005000000000023874,0.0219,0.0212,0.0203
1707822215.6,-6.470879910722967,2.499377153970155,-0.0011000000000080945,0.0219,0.0212,0.0203
1707822215.7,-6.490264407782542,2.48660061437758,-0.0009000000000014552,0.0219,0.0212,0.0203
1707822215.8,-6.50962496219499,2.4741700478353423,-0.00010000000000331966,0.0219,0.0212,0.0203
1707822215.9,-6.528755243300937,2.4618173526152716,0.0010000000000047748,0.0219,0.0212,0.0203
1707822216.0,-6.547692573758518,2.449659337469731,0.001999999999995339,0.0274,0.0266,0.0236
1707822216.1,-6.566379913372913,2.437482410525303,0.0027999999999934744,0.0215,0.022,0.02
1707822216.2,-6.5849404972103525,2.4250117948433827,0.003199999999992542,0.0215,0.022,0.02
1707822216.3,-6.603439815630544,2.412230804874636,0.0030000000000001137,0.0215,0.022,0.02
1707822216.4,-6.621781393477287,2.398923624619027,0.002300000000005298,0.0215,0.022,0.02
1707822216.5,-6.639917345008376,2.3855864062702787,0.001599999999996271,0.0215,0.022,0.02
1707822216.6,-6.657658944965857,2.3723815712213834,0.0010999999999938836,0.0215,0.022,0.02
1707822216.7,-6.67483084748685,2.3594047887609753,0.0005999999999914962,0.0215,0.022,0.02
1707822216.8,-6.691580230396697,2.3470209458612112,0.0005999999999914962,0.0215,0.022,0.02
1707822216.9,-6.7080106110009705,2.3350487107455002,0.0007999999999981355,0.0215,0.022,0.02
1707822217.0,-6.724438878910039,2.3234179983039533,0.0010999999999938836,0.0269,0.0276,0.0232
1707822217.1,-6.74120797946856,2.3117027393298035,0.001300000000000523,0.0211,0.0226,0.0198
1707822217.2,-6.7584334011936775,2.2995836594915238,0.001300000000000523,0.0211,0.0226,0.0198
1707822217.3,-6.776220069910427,2.28719091654706,0.0014999999999929514,0.0211,0.0226,0.0198
1707822217.4,-6.794342641598491,2.2744866868986375,0.0016999999999995907,0.0211,0.0226,0.0198
1707822217.5,-6.812341978444299,2.2614242454884943,0.0018000000000029104,0.0211,0.0226,0.0198
1707822217.6,-6.8298892193459375,2.2483351053595406,0.001999999999995339,0.0211,0.0226,0.0198
1707822217.7,-6.846574520191566,2.235202580254798,0.0020999999999986585,0.0211,0.0226,0.0198
1707822217.8,-6.862362670906268,2.2223236940402207,0.0020999999999986585,0.0211,0.0226,0.0198
1707822217.9,-6.877477606934905,2.2098041312968517,0.001999999999995339,0.0211,0.0226,0.0198
1707822218.0,-6.892170727640126,2.1974425360320815,0.0016999999999995907,0.0266,0.0283,0.023
1707822218.1,-6.906985674724132,2.1855926710467477,0.001599999999996271,0.0209,0.023,0.0196
1707822218.2,-6.922235112910828,2.1738774120725974,0.0016999999999995907,0.0209,0.023,0.0196
1707822218.3,-6.937881719598072,2.162110981202735,0.0018000000000029104,0.0209,0.023,0.0196
1707822218.4,-6.954011407081973,2.1506493618263947,0.002300000000005298,0.0209,0.023,0.0196
1707822218.5,-6.970492489963433,2.1393657362676057,0.003299999999995862,0.0209,0.023,0.0196
1707822218.6,-6.98677780549356,2.1278240200271896,0.004099999999993997,0.0209,0.023,0.0196
1707822218.7,-7.00302368583833,2.116226681514889,0.005200000000002092,0.0209,0.023,0.0196
1707822218.8,-7.018886481757313,2.1040019192185,0.005700000000004479,0.0209,0.023,0.0196
1707822218.9,-7.034457034776807,2.090990650411714,0.005799999999993588,0.0209,0.023,0.0196
1707822219.0,-7.0499670268347625,2.0772629616197076,0.005700000000004479,0.0264,0.0287,0.0228
1707822219.1,-7.065637576169133,2.0626775709132175,0.004899999999992133,0.0206,0.0235,0.0193
1707822219.2,-7.0820059872364105,2.0474024575250294,0.004400000000003956,0.0206,0.0235,0.0193
1707822219.3,-7.098546223007894,2.0313119154886583,0.0037999999999982492,0.0206,0.0235,0.0193
1707822219.4,-7.115496302723236,2.0153125951953266,0.0036999999999949296,0.0206,0.0235,0.0193
1707822219.5,-7.132279487188537,1.999410057315405,0.0037999999999982492,0.0206,0.0235,0.0193
1707822219.6,-7.148541564135292,1.9843296240017463,0.004300000000000637,0.0206,0.0235,0.0193
1707822219.7,-7.164447316174333,1.9707142921706413,0.00539999999999452,0.0206,0.0235,0.0193
1707822219.8,-7.179327049666281,1.9579199539039562,0.006399999999999295,0.0206,0.0235,0.0193
1707822219.9,-7.193552581945094,1.9460567384977503,0.00740000000000407,0.0206,0.0235,0.0193
1707822220.0,-7.207177432046919,1.9344460502722225,0.008300000000005525,0.0259,0.0293,0.0225
1707822220.1,-7.220023437629883,1.9219631987094958,0.008700000000004593,0.0198,0.0244,0.0189
1707822220.2,-7.232767334370747,1.908741675988333,0.008899999999997021,0.0198,0.0244,0.0189
1707822220.3,-7.245115470962545,1.8942486187343697,0.008399999999994634,0.0198,0.0244,0.0189
1707822220.4,-7.257241784748693,1.8787076284522757,0.00740000000000407,0.0198,0.0244,0.0189
1707822220.5,-7.269461052868331,1.862831791414098,0.006500000000002615,0.0198,0.0244,0.0189
1707822220.6,-7.281586662422744,1.8467401362529507,0.00560000000000116,0.0198,0.0244,0.0189
1707822220.7,-7.293999585478477,1.8313815894569354,0.0053000000000054115,0.0198,0.0244,0.0189
1707822220.8,-7.306733623311014,1.8171521842626135,0.005799999999993588,0.0198,0.0244,0.0189
1707822220.9,-7.319627514524194,1.8040129832397902,0.0069000000000016826,0.0198,0.0244,0.0189
1707822221.0,-7.332808719070711,1.792073008928549,0.009000000000000341,0.025,0.0303,0.022
1707822221.1,-7.34568923038487,1.780893952703093,0.01099999999999568,0.0189,0.0253,0.0183
1707822221.2,-7.358043000606573,1.7696603880381732,0.01290000000000191,0.0189,0.0253,0.0183
1707822221.3,-7.369636235438625,1.7579773905761376,0.014200000000002433,0.0189,0.0253,0.0183
1707822221.4,-7.380122468825645,1.7452497987526563,0.014499999999998181,0.0189,0.0253,0.0183
1707822221.5,-7.3897369033603155,1.731529896172929,0.013800000000003365,0.0189,0.0253,0.0183
1707822221.6,-7.398792203542566,1.716987891857517,0.012299999999996203,0.0189,0.0253,0.0183
1707822221.7,-7.407684833753196,1.7019819919069852,0.010300000000000864,0.0189,0.0253,0.0183
1707822221.8,-7.416952802120498,1.6870884510402882,0.008399999999994634,0.0189,0.0253,0.0183
1707822221.9,-7.426882717914056,1.672696627283551,0.007199999999997431,0.0189,0.0253,0.0183
1707822222.0,-7.437588661579502,1.6592270277578827,0.007000000000005002,0.0239,0.0313,0.0214
1707822222.1,-7.448972045041455,1.6468454089847377,0.007899999999992247,0.0181,0.0261,0.0178
1707822222.2,-7.460066002418871,1.6354249504575675,0.00919999999999277,0.0181,0.0261,0.0178
1707822222.3,-7.4709747555290225,1.6255663793645831,0.011300000000005639,0.0181,0.0261,0.0178
1707822222.4,-7.481564506221614,1.615960334036988,0.013599999999996726,0.0181,0.0261,0.0178
1707822222.5,-7.491450761719372,1.6046266475843292,0.01470000000000482,0.0181,0.0261,0.0178
1707822222.6,-7.501659540457406,1.5909178712988545,0.015199999999992997,0.0181,0.0261,0.0178
1707822222.7,-7.511652834251429,1.5739173402045774,0.014299999999991542,0.0181,0.0261,0.0178
1707822222.8,-7.521572891416628,1.5541957469347922,0.012399999999999523,0.0181,0.0261,0.0178
1707822222.9,-7.531990113173278,1.533083584837936,0.010499999999993292,0.0181,0.0261,0.0178
1707822223.0,-7.542293958884013,1.5111993797763308,0.008399999999994634,0.0229,0.0322,0.0209
1707822223.1,-7.553176656651834,1.489915899780004,0.00740000000000407,0.017,0.027,0.0171
1707822223.2,-7.56430300723322,1.4701253338174625,0.00730000000000075,0.017,0.027,0.0171
1707822223.3,-7.575206126713468,1.4522214909986484,0.007999999999995566,0.017,0.027,0.0171
1707822223.4,-7.586145160276392,1.4364057251932383,0.009699999999995157,0.017,0.027,0.0171
1707822223.5,-7.596384219691172,1.4217880722669891,0.011600000000001387,0.017,0.027,0.0171
1707822223.6,-7.605900770494183,1.4075553291136271,0.013199999999997658,0.017,0.027,0.0171
1707822223.7,-7.615104656741273,1.3929109781762121,0.014799999999993929,0.017,0.027,0.0171
1707822223.8,-7.623321959626627,1.3765545592459358,0.015199999999992997,0.017,0.027,0.0171
1707822223.9,-7.631256878632805,1.358617341790231,0.015000000000000568,0.017,0.027,0.0171
1707822224.0,-7.638917863924697,1.339564333861349,0.014499999999998181,0.0216,0.033,0.0202
1707822224.1,-7.646271114114831,1.3199183870794673,0.013499999999993406,0.0159,0.0278,0.0164
1707822224.2,-7.653941958315049,1.3008053065025285,0.01290000000000191,0.0159,0.0278,0.0164
1707822224.3,-7.661661392209237,1.2824976421119405,0.012599999999991951,0.0159,0.0278,0.0164
1707822224.4,-7.6695301164559915,1.265038780298781,0.012599999999991951,0.0159,0.0278,0.0164
1707822224.5,-7.677717138720593,1.248351962158015,0.013099999999994338,0.0159,0.0278,0.0164
1707822224.6,-7.685721773420895,1.231824226035913,0.013700000000000045,0.0159,0.0278,0.0164
1707822224.7,-7.693593314370615,1.2153309755525443,0.014499999999998181,0.0159,0.0278,0.0164
1707822224.8,-7.700947973080211,1.1986118966073085,0.015299999999996317,0.0159,0.0278,0.0164
1707822224.9,-7.707573785204413,1.1817003624218065,0.015900000000002024,0.0159,0.0278,0.0164
1707822225.0,-7.713753135070342,1.16488672518978,0.01640000000000441,0.0204,0.0339,0.0194
1707822225.1,-7.719319127147991,1.1483478641887144,0.01630000000000109,0.0151,0.0285,0.0158
1707822225.2,-7.724568933735018,1.1319614085805874,0.015799999999998704,0.0151,0.0285,0.0158
1707822225.3,-7.729831415933336,1.115688424473427,0.015000000000000568,0.0151,0.0285,0.0158
1707822225.4,-7.735142487825622,1.0993064192414723,0.014099999999999113,0.0151,0.0285,0.0158
1707822225.5,-7.740755661357745,1.0827530954024027,0.013300000000000978,0.0151,0.0285,0.0158
1707822225.6,-7.746633613815574,1.0660317923305473,0.01290000000000191,0.0151,0.0285,0.0158
1707822225.7,-7.7527347974865295,1.049337187269858,0.013199999999997658,0.0151,0.0285,0.0158
1707822225.8,-7.759001468000051,1.0329240329429206,0.014200000000002433,0.0151,0.0285,0.0158
1707822225.9,-7.764950544671468,1.0169191491486407,0.015399999999999636,0.0151,0.0285,0.0158
1707822226.0,-7.770322177749267,1.0014515819354755,0.01649999999999352,0.0194,0.0346,0.0188
1707822226.1,-7.775088903539636,0.9864757193704388,0.017200000000002547,0.0145,0.029,0.0154
1707822226.2,-7.779001435431123,0.971608877222552,0.017200000000002547,0.0145,0.029,0.0154
1707822226.3,-7.782282300461114,0.9566263394470793,0.01649999999999352,0.0145,0.029,0.0154
1707822226.4,-7.785222332953642,0.9412989403307574,0.015199999999992997,0.0145,0.029,0.0154
1707822226.5,-7.788322922946557,0.9255187732888576,0.013999999999995794,0.0145,0.029,0.0154
1707822226.6,-7.79204461682889,0.9093993076994126,0.013300000000000978,0.0145,0.029,0.0154
1707822226.7,-7.796470510137787,0.8931997452458919,0.013199999999997658,0.0145,0.029,0.0154
1707822226.8,-7.801604827983693,0.8773038825764061,0.013800000000003365,0.0145,0.029,0.0154
1707822226.9,-7.807102512774694,0.8620643679517278,0.015000000000000568,0.0145,0.029,0.0154
1707822227.0,-7.8124621744729374,0.8476224825934768,0.01640000000000441,0.0187,0.0351,0.0183
1707822227.1,-7.817176085346909,0.8337802120063058,0.017299999999991655,0.0144,0.0293,0.0152
1707822227.2,-7.820820317266002,0.8203139504396776,0.017700000000004934,0.0144,0.0293,0.0152
1707822227.3,-7.823318112554705,0.8068321136179135,0.017499999999998295,0.0144,0.0293,0.0152
1707822227.4,-7.824865238620343,0.7929720429413429,0.01659999999999684,0.0144,0.0293,0.0152
1707822227.5,-7.825849709398861,0.7785323838326448,0.015299999999996317,0.0144,0.0293,0.0152
1707822227.6,-7.826915867363047,0.7635732075245868,0.013800000000003365,0.0144,0.0293,0.0152
1707822227.7,-7.828513695761865,0.7483481543226234,0.012599999999991951,0.0144,0.0293,0.0152
1707822227.8,-7.830957267782688,0.7332443595415499,0.011799999999993815,0.0144,0.0293,0.0152
1707822227.9,-7.834353621441813,0.7186667564626276,0.011700000000004707,0.0144,0.0293,0.0152
1707822228.0,-7.838437273917758,0.7048556328475056,0.012199999999992883,0.0186,0.0354,0.0182
1707822228.1,-7.842851899966846,0.6921603011208497,0.013400000000004297,0.0145,0.0295,0.0153
1707822228.2,-7.8470996307099,0.6800545709957976,0.015000000000000568,0.0145,0.0295,0.0153
1707822228.3,-7.85068118897225,0.668074548960163,0.01659999999999684,0.0145,0.0295,0.0153
1707822228.4,-7.85339235667774,0.6558052885632084,0.017700000000004934,0.0145,0.0295,0.0153
1707822228.5,-7.85495215835467,0.6429341885609099,0.018000000000000682,0.0145,0.0295,0.0153
1707822228.6,-7.855547911021502,0.6294857270836812,0.017200000000002547,0.0145,0.0295,0.0153
1707822228.7,-7.855492983465894,0.6157302264480883,0.015500000000002956,0.0145,0.0295,0.0153
1707822228.8,-7.855240880039491,0.6020470357566478,0.013300000000000978,0.0145,0.0295,0.0153
1707822228.9,-7.855349326799225,0.588806601236598,0.01120000000000232,0.0145,0.0295,0.0153
1707822229.0,-7.85616126875379,0.5762291913870808,0.009799999999998477,0.0188,0.0356,0.0183
1707822229.1,-7.857901345523788,0.5642847674073119,0.00929999999999609,0.0147,0.0296,0.0155
1707822229.2,-7.8605540646269825,0.5528620847535222,0.010000000000005116,0.0147,0.0296,0.0155
1707822229.3,-7.863762397091905,0.5415539838948973,0.011399999999994748,0.0147,0.0296,0.0155
1707822229.4,-7.867097485557756,0.5300512043770319,0.013199999999997658,0.0147,0.0296,0.0155
1707822229.5,-7.869966393948682,0.5181590654177518,0.01470000000000482,0.0147,0.0296,0.0155
1707822229.6,-7.871832522431883,0.5059009284844719,0.015500000000002956,0.0147,0.0296,0.0155
1707822229.7,-7.87254728483053,0.4935359973835947,0.015500000000002956,0.0147,0.0296,0.0155
1707822229.8,-7.872109272737147,0.48129009774641024,0.0146000000000015,0.0147,0.0296,0.0155
1707822229.9,-7.870976215893791,0.46934901101803705,0.013300000000000978,0.0147,0.0296,0.0155
1707822230.0,-7.869783302040662,0.4577672470532279,0.011899999999997135,0.0191,0.0357,0.0185
1707822230.1,-7.869088257290688,0.44633121397856623,0.010800000000003251,0.015,0.0297,0.0156
1707822230.2,-7.869298812892522,0.4349953026916436,0.010199999999997544,0.015,0.0297,0.0156
1707822230.3,-7.870516373624511,0.42372280059652895,0.010199999999997544,0.015,0.0297,0.0156
1707822230.4,-7.872524750366905,0.4124781110526456,0.010699999999999932,0.015,0.0297,0.0156
1707822230.5,-7.874974660081387,0.40127458094264296,0.011600000000001387,0.015,0.0297,0.0156
1707822230.6,-7.8770865542413375,0.3900866260877761,0.012299999999996203,0.015,0.0297,0.0156
1707822230.7,-7.8784681934644105,0.3789275947859835,0.012500000000002842,0.015,0.0297,0.0156
1707822230.8,-7.878862545094013,0.3678152864190201,0.012199999999992883,0.015,0.0297,0.0156
1707822230.9,-7.878084404750894,0.3567074284282289,0.011300000000005639,0.015,0.0297,0.0156
1707822231.0,-7.876564038203329,0.3456118077335332,0.010000000000005116,0.0194,0.0357,0.0187
1707822231.1,-7.874733823970787,0.33427033294566205,0.008799999999993702,0.0152,0.0296,0.0158
1707822231.2,-7.8732078238493095,0.3229032725637569,0.007800000000003138,0.0152,0.0296,0.0158
1707822231.3,-7.872621225691088,0.3116374463867227,0.0075999999999964984,0.0152,0.0296,0.0158
1707822231.4,-7.873070504932293,0.3005407118596061,0.008099999999998886,0.0152,0.0296,0.0158
1707822231.5,-7.874597913461246,0.289620859440553,0.00929999999999609,0.0152,0.0296,0.0158
1707822231.6,-7.876782340018285,0.2787566278780955,0.01089999999999236,0.0152,0.0296,0.0158
1707822231.7,-7.87884282744534,0.26784901204749345,0.012299999999996203,0.0152,0.0296,0.0158
1707822231.8,-7.8801639055948876,0.2568512861833395,0.013199999999997658,0.0152,0.0296,0.0158
1707822231.9,-7.88021249534485,0.2457612268666589,0.013199999999997658,0.0152,0.0296,0.0158
1707822232.0,-7.878905501214071,0.23461109560956606,0.012199999999992883,0.0196,0.0356,0.0188
1707822232.1,-7.876487984591572,0.22354995984595966,0.010400000000004184,0.0153,0.0295,0.0159
1707822232.2,-7.873495137126655,0.21262676876022182,0.008099999999998886,0.0153,0.0295,0.0159
1707822232.3,-7.870726225106599,0.20197056627787685,0.006000000000000227,0.0153,0.0295,0.0159
1707822232.4,-7.868834745512802,0.1916236277881598,0.004499999999993065,0.0153,0.0295,0.0159
1707822232.5,-7.868104490687911,0.1815025170526659,0.0040000000000048885,0.0153,0.0295,0.0159
1707822232.6,-7.868704468633165,0.1714370278814121,0.004599999999996385,0.0153,0.0295,0.0159
1707822232.7,-7.870293846699114,0.16117018484048176,0.006100000000003547,0.0153,0.0295,0.0159
1707822232.8,-7.872290252005957,0.15053734453319592,0.007999999999995566,0.0153,0.0295,0.0159
1707822232.9,-7.874035962349867,0.13955630634130967,0.010000000000005116,0.0153,0.0295,0.0159
1707822233.0,-7.874751428924254,0.12837280115497046,0.011399999999994748,0.0197,0.0355,0.0189
1707822233.1,-7.874087368858787,0.1173528262405338,0.011799999999993815,0.0155,0.0293,0.016
1707822233.2,-7.871878999542634,0.10666102570232312,0.011099999999999,0.0155,0.0293,0.016
1707822233.3,-7.86837349489204,0.09648762923869586,0.00919999999999277,0.0155,0.0293,0.016
1707822233.4,-7.864384205213055,0.08689493433197258,0.0069000000000016826,0.0155,0.0293,0.016
1707822233.5,-7.86067941210845,0.07777058331360767,0.004599999999996385,0.0155,0.0293,0.016
1707822233.6,-7.858011904810746,0.06881754877942421,0.0030000000000001137,0.0155,0.0293,0.016
1707822233.7,-7.856852792513071,0.059658710707036544,0.002600000000001046,0.0155,0.0293,0.016
1707822233.8,-7.857076727957931,0.049992593439029086,0.0033999999999991815,0.0155,0.0293,0.016
1707822233.9,-7.858318231505029,0.03966345291577818,0.0049999999999954525,0.0155,0.0293,0.016
1707822234.0,-7.8598554988303215,0.028840383617779394,0.007000000000005002,0.0199,0.0353,0.0191
1707822234.1,-7.860773774849416,0.01833547552653041,0.008600000000001273,0.0158,0.0291,0.0162
1707822234.2,-7.860617442571455,0.008275549148580662,0.009599999999991837,0.0158,0.0291,0.0162
1707822234.3,-7.858971024422674,-0.001097992506710986,0.009500000000002728,0.0158,0.0291,0.0162
1707822234.4,-7.8558380412257875,-0.009705053990557858,0.008399999999994634,0.0158,0.0291,0.0162
1707822234.5,-7.851694531908052,-0.017787036189385357,0.006399999999999295,0.0158,0.0291,0.0162
1707822234.6,-7.847243991664298,-0.025732186127476207,0.004199999999997317,0.0158,0.0291,0.0162
1707822234.7,-7.843256110336795,-0.03393765087381292,0.002200000000001978,0.0158,0.0291,0.0162
1707822234.8,-7.840418891030091,-0.042621470555050736,0.0011999999999972033,0.0158,0.0291,0.0162
1707822234.9,-7.838961902371003,-0.051847055778286605,0.0011999999999972033,0.0158,0.0291,0.0162
1707822235.0,-7.838792190362002,-0.061522073090993855,0.002300000000005298,0.0202,0.0352,0.0193
1707822235.1,-7.839516107269261,-0.07148299080598094,0.004099999999993997,0.0162,0.0289,0.0165
1707822235.2,-7.8403597382520545,-0.0812970637983997,0.006100000000003547,0.0162,0.0289,0.0165
1707822235.3,-7.840670994344507,-0.09065169507009332,0.007699999999999818,0.0162,0.0289,0.0165
1707822235.4,-7.8398301802886525,-0.09926765447570653,0.008300000000005525,0.0162,0.0289,0.0165
1707822235.5,-7.837504209648161,-0.10714494555346173,0.007699999999999818,0.0162,0.0289,0.0165
1707822235.6,-7.833790966210685,-0.11450383255663353,0.005899999999996908,0.0162,0.0289,0.0165
1707822235.7,-7.829134799651281,-0.12172143692289655,0.003199999999992542,0.0162,0.0289,0.0165
1707822235.8,-7.824382862055421,-0.12922828035812411,0.00039999999999906777,0.0162,0.0289,0.0165
1707822235.9,-7.820383009404354,-0.1372891252161563,-0.0016999999999995907,0.0162,0.0289,0.0165
1707822236.0,-7.817746486791158,-0.1459262226702093,-0.0024999999999977263,0.0207,0.0349,0.0196
1707822236.1,-7.816611317476571,-0.1549660278636154,-0.00190000000000623,0.0165,0.0286,0.0168
1707822236.2,-7.81668525833713,-0.16420718692669806,-0.0002000000000066393,0.0165,0.0286,0.0168
1707822236.3,-7.817295095078723,-0.1734661460791803,0.001999999999995339,0.0165,0.0286,0.0168
1707822236.4,-7.817662687078267,-0.18235243346251553,0.0040000000000048885,0.0165,0.0286,0.0168
1707822236.5,-7.816973275902203,-0.19055900991833966,0.005099999999998772,0.0165,0.0286,0.0168
1707822236.6,-7.8148515230579,-0.1980046682883786,0.004899999999992133,0.0165,0.0286,0.0168
1707822236.7,-7.811259401935457,-0.2048362511722672,0.003500000000002501,0.0165,0.0286,0.0168
1707822236.8,-7.806450424144778,-0.21132297342295112,0.0010000000000047748,0.0165,0.0286,0.0168
1707822236.9,-7.801269629132127,-0.21785085723044928,-0.00190000000000623,0.0165,0.0286,0.0168
1707822237.0,-7.796289530868978,-0.2246368295966405,-0.004500000000007276,0.0211,0.0347,0.0199
1707822237.1,-7.792179118930954,-0.23171648999267944,-0.006200000000006867,0.017,0.0283,0.017
1707822237.2,-7.78956020132722,-0.2388806962136772,-0.006699999999995043,0.017,0.0283,0.017
1707822237.3,-7.788756709761517,-0.24657443280351093,-0.00549999999999784,0.017,0.0283,0.017
1707822237.4,-7.78848136786373,-0.2549501023245417,-0.0036999999999949296,0.017,0.0283,0.017
1707822237.5,-7.788550379382112,-0.2645194364714948,-0.0011999999999972033,0.017,0.0283,0.017
1707822237.6,-7.7875792883346335,-0.27527464620151343,0.0009000000000014552,0.017,0.0283,0.017
1707822237.7,-7.784975158925408,-0.28730361742153016,0.002300000000005298,0.017,0.0283,0.017
1707822237.8,-7.780309133737644,-0.30046729091361096,0.0027000000000043656,0.017,0.0283,0.017
1707822237.9,-7.772855182944905,-0.31358090563475566,0.0010000000000047748,0.017,0.0283,0.017
1707822238.0,-7.7647639317727535,-0.3256632742923931,-0.0011999999999972033,0.0216,0.0343,0.0201
1707822238.1,-7.756372691599976,-0.33596237743014895,-0.004199999999997317,0.0176,0.0277,0.0173
1707822238.2,-7.748414534122412,-0.3444526308692781,-0.00740000000000407,0.0176,0.0277,0.0173
1707822238.3,-7.742641507321636,-0.35201843382778597,-0.00920000000000698,0.0176,0.0277,0.0173
1707822238.4,-7.7383719463466925,-0.3594852288309757,-0.010000000000005116,0.0176,0.0277,0.0173
1707822238.5,-7.7357776757898,-0.36795212080269024,-0.00929999999999609,0.0176,0.0277,0.0173
1707822238.6,-7.734558706538347,-0.37809214404471564,-0.007000000000005002,0.0176,0.0277,0.0173
1707822238.7,-7.733022143444789,-0.3896104966947833,-0.004500000000007276,0.0176,0.0277,0.0173
1707822238.8,-7.731093341304846,-0.40215230990372386,-0.0018000000000029104,0.0176,0.0277,0.0173
1707822238.9,-7.727719521885372,-0.41464962288916546,-0.00010000000000331966,0.0176,0.0277,0.0173
1707822239.0,-7.722283102511619,-0.4261557396584266,0.0,0.0224,0.0336,0.0205
1707822239.1,-7.715687570784196,-0.4364648566733031,-0.0009000000000014552,0.0184,0.0267,0.0178
1707822239.2,-7.707610403630811,-0.44514088943461755,-0.003500000000002501,0.0184,0.0267,0.0178
1707822239.3,-7.699110012578553,-0.452667757085864,-0.0069000000000016826,0.0184,0.0267,0.0178
1707822239.4,-7.691250442952397,-0.4598330757239937,-0.010000000000005116,0.0184,0.0267,0.0178
1707822239.5,-7.684349992994162,-0.46723534841059905,-0.012299999999996203,0.0184,0.0267,0.0178
1707822239.6,-7.67934172674947,-0.47580347317189553,-0.01269999999999527,0.0184,0.0267,0.0178
1707822239.7,-7.675911571478899,-0.48575771638409115,-0.011399999999994748,0.0184,0.0267,0.0178
1707822239.8,-7.6734011005789045,-0.49698015758533626,-0.009000000000000341,0.0184,0.0267,0.0178
1707822239.9,-7.671401878457109,-0.5091982460865785,-0.005700000000004479,0.0184,0.0267,0.0178
1707822240.0,-7.6686245159362025,-0.5215698523978916,-0.0030000000000001137,0.0233,0.0325,0.021
1707822240.1,-7.664583819748295,-0.5333040224632841,-0.001300000000000523,0.0192,0.0257,0.0183
1707822240.2,-7.659100219032056,-0.543910163344115,-0.0010000000000047748,0.0192,0.0257,0.0183
1707822240.3,-7.651956115980288,-0.5528120245672971,-0.0023999999999944066,0.0192,0.0257,0.0183
1707822240.4,-7.64397260728014,-0.5602231972986023,-0.004800000000003024,0.0192,0.0257,0.0183
1707822240.5,-7.635617281358021,-0.5665886625436852,-0.007699999999999818,0.0192,0.0257,0.0183
1707822240.6,-7.627489411815463,-0.5726348520419531,-0.010400000000004184,0.0192,0.0257,0.0183
1707822240.7,-7.620513612365219,-0.5794252747843165,-0.012000000000000455,0.0192,0.0257,0.0183
1707822240.8,-7.61468847487978,-0.5874749954710295,-0.012200000000007094,0.0192,0.0257,0.0183
1707822240.9,-7.610109770395602,-0.5972145343926767,-0.011099999999999,0.0192,0.0257,0.0183
1707822241.0,-7.606498635800227,-0.608541546342544,-0.008800000000007913,0.0241,0.0314,0.0215
1707822241.1,-7.603098761038422,-0.6207518472162183,-0.0062999999999959755,0.0199,0.0246,0.0188
1707822241.2,-7.599560159008116,-0.6330956430992336,-0.0036999999999949296,0.0199,0.0246,0.0188
1707822241.3,-7.595232853606619,-0.644460477231586,-0.00190000000000623,0.0199,0.0246,0.0188
1707822241.4,-7.589801363631035,-0.6540865467752001,-0.0011000000000080945,0.0199,0.0246,0.0188
1707822241.5,-7.583575536710348,-0.6619404763855407,-0.0014000000000038426,0.0199,0.0246,0.0188
1707822241.6,-7.576309607167806,-0.6682202812655995,-0.002899999999996794,0.0199,0.0246,0.0188
1707822241.7,-7.56837398404188,-0.6738392898476121,-0.005200000000002092,0.0199,0.0246,0.0188
1707822241.8,-7.560259494286355,-0.6798120576922403,-0.007900000000006457,0.0199,0.0246,0.0188
1707822241.9,-7.552237958808326,-0.6867893728815654,-0.010400000000004184,0.0199,0.0246,0.0188
1707822242.0,-7.545137516164344,-0.69542424479371,-0.011800000000008026,0.0249,0.0302,0.0221
1707822242.1,-7.539246888151216,-0.7054596965794687,-0.011600000000001387,0.0206,0.0236,0.0193
1707822242.2,-7.534629452657421,-0.7165008074194117,-0.009900000000001796,0.0206,0.0236,0.0193
1707822242.3,-7.531252112247253,-0.7279290528665056,-0.006799999999998363,0.0206,0.0236,0.0193
1707822242.4,-7.52820715404168,-0.7387165248162831,-0.003299999999995862,0.0206,0.0236,0.0193
1707822242.5,-7.524690382187271,-0.7483069948887426,-0.00039999999999906777,0.0206,0.0236,0.0193
1707822242.6,-7.51991098078561,-0.7564390372737951,0.0011999999999972033,0.0206,0.0236,0.0193
1707822242.7,-7.513221086429209,-0.7631671625338379,0.0009000000000014552,0.0206,0.0236,0.0193
1707822242.8,-7.504908012395413,-0.7690998819464282,-0.0011000000000080945,0.0206,0.0236,0.0193
1707822242.9,-7.495518217481345,-0.774837922699778,-0.004100000000008208,0.0206,0.0236,0.0193
1707822243.0,-7.486041101863691,-0.7809864588200487,-0.00730000000000075,0.0257,0.029,0.0226
1707822243.1,-7.477561836811589,-0.7880127217784669,-0.00929999999999609,0.0212,0.0226,0.0197
1707822243.2,-7.470548010583462,-0.7960146071132187,-0.009900000000001796,0.0212,0.0226,0.0197
1707822243.3,-7.465230600941523,-0.8048864316585501,-0.008800000000007913,0.0212,0.0226,0.0197
1707822243.4,-7.461262437262692,-0.8142410615149548,-0.0062999999999959755,0.0212,0.0226,0.0197
1707822243.5,-7.45769637148258,-0.8234966827083968,-0.0033999999999991815,0.0212,0.0226,0.0197
1707822243.6,-7.453835246100014,-0.8324063322667912,-0.00039999999999906777,0.0212,0.0226,0.0197
1707822243.7,-7.448777685929619,-0.8405839851695411,0.001599999999996271,0.0212,0.0226,0.0197
1707822243.8,-7.442231448295881,-0.8479818081876188,0.0023999999999944066,0.0212,0.0226,0.0197
1707822243.9,-7.434412018030823,-0.8548756878461835,0.001999999999995339,0.0212,0.0226,0.0197
1707822244.0,-7.425547555913722,-0.8612578400558897,0.0005999999999914962,0.0265,0.028,0.0231
1707822244.1,-7.416336627685245,-0.8674631115728214,-0.001300000000000523,0.0218,0.0217,0.0202
1707822244.2,-7.407666524567993,-0.8737240046539932,-0.0030000000000001137,0.0218,0.0217,0.0202
1707822244.3,-7.3997886457006405,-0.8800839078134167,-0.004199999999997317,0.0218,0.0217,0.0202
1707822244.4,-7.393036781807244,-0.886921052782965,-0.004500000000007276,0.0218,0.0217,0.0202
1707822244.5,-7.3867848994322385,-0.8941520068624553,-0.004100000000008208,0.0218,0.0217,0.0202
1707822244.6,-7.380668223391033,-0.9020270731059468,-0.0031000000000034333,0.0218,0.0217,0.0202
1707822244.7,-7.374515633155163,-0.9108299256661662,-0.001300000000000523,0.0218,0.0217,0.0202
1707822244.8,-7.367392656215536,-0.9200699730197613,0.00039999999999906777,0.0218,0.0217,0.0202
1707822244.9,-7.359385204644288,-0.9295770089767494,0.0018999999999920192,0.0218,0.0217,0.0202
1707822245.0,-7.350708059601643,-0.9390662469672714,0.0031000000000034333,0.0271,0.027,0.0235
1707822245.1,-7.341317560455839,-0.9478991354976969,0.003500000000002501,0.0222,0.0209,0.0205
1707822245.2,-7.331781996291884,-0.956182471566201,0.00359999999999161,0.0222,0.0209,0.0205
1707822245.3,-7.322199954961183,-0.9637560621522767,0.003199999999992542,0.0222,0.0209,0.0205
1707822245.4,-7.31258763300973,-0.9708435101758836,0.0023999999999944066,0.0222,0.0209,0.0205
1707822245.5,-7.303259103456916,-0.9780733518382421,0.0016999999999995907,0.0222,0.0209,0.0205
1707822245.6,-7.293916489941327,-0.9855212350425449,0.0010000000000047748,0.0222,0.0209,0.0205
1707822245.7,-7.284808374786686,-0.9935653936435983,0.0006999999999948159,0.0222,0.0209,0.0205
1707822245.8,-7.276201649557912,-1.002432768520402,0.0011999999999972033,0.0222,0.0209,0.0205
1707822245.9,-7.267861111830301,-1.0117907356282025,0.0020999999999986585,0.0222,0.0209,0.0205
1707822246.0,-7.259836759593314,-1.0216170466243613,0.00359999999999161,0.0276,0.0261,0.0239
1707822246.1,-7.251662412828018,-1.0317103462239128,0.00539999999999452,0.0225,0.0203,0.0208
1707822246.2,-7.242826822924194,-1.0415411068885994,0.006799999999998363,0.0225,0.0203,0.0208
1707822246.3,-7.233196895963279,-1.0510737298549102,0.0075999999999964984,0.0225,0.0203,0.0208
1707822246.4,-7.22259094861271,-1.0600178636367494,0.00740000000000407,0.0225,0.0203,0.0208
1707822246.5,-7.211395586512941,-1.0684869804427277,0.006699999999995043,0.0225,0.0203,0.0208
1707822246.6,-7.200084735560065,-1.0765912109841935,0.005700000000004479,0.0225,0.0203,0.0208
1707822246.7,-7.18912035083055,-1.084356144393403,0.004800000000003024,0.0225,0.0203,0.0208
1707822246.8,-7.17902706072165,-1.0921978352923591,0.004599999999996385,0.0225,0.0203,0.0208
1707822246.9,-7.169764021640531,-1.100394401409285,0.0053000000000054115,0.0225,0.0203,0.0208
1707822247.0,-7.16106575059773,-1.1092428630719129,0.006599999999991724,0.0279,0.0254,0.0242
1707822247.1,-7.152589302304587,-1.1191281350066409,0.008300000000005525,0.0227,0.0199,0.021
1707822247.2,-7.143597380122801,-1.1296831039917594,0.009799999999998477,0.0227,0.0199,0.021
1707822247.3,-7.133835063643039,-1.1405417720532685,0.01089999999999236,0.0227,0.0199,0.021
1707822247.4,-7.123211511394995,-1.1511623750644588,0.011499999999998067,0.0227,0.0199,0.021
1707822247.5,-7.111871788340829,-1.1610298469097873,0.011499999999998067,0.0227,0.0199,0.021
1707822247.6,-7.1002799618602594,-1.170002904952345,0.011099999999999,0.0227,0.0199,0.021
1707822247.7,-7.088767005750405,-1.178129385251738,0.010499999999993292,0.0227,0.0199,0.021
1707822247.8,-7.077631500548421,-1.1858064341693042,0.010099999999994225,0.0227,0.0199,0.021
1707822247.9,-7.067100902577873,-1.1936014028410755,0.010099999999994225,0.0227,0.0199,0.021
1707822248.0,-7.0570280341814,-1.201903650000822,0.010499999999993292,0.0281,0.025,0.0243
1707822248.1,-7.047278393368923,-1.2114284860472098,0.011700000000004707,0.0228,0.0196,0.0211
1707822248.2,-7.03767452191832,-1.2219044705853845,0.013400000000004297,0.0228,0.0196,0.0211
1707822248.3,-7.027873474540929,-1.2329856291497208,0.015199999999992997,0.0228,0.0196,0.0211
1707822248.4,-7.017695680431409,-1.2442670305818908,0.016899999999992588,0.0228,0.0196,0.0211
1707822248.5,-7.006881994405945,-1.2551624112393307,0.017899999999997362,0.0228,0.0196,0.0211
1707822248.6,-6.995404952434761,-1.2653691809245597,0.018100000000004002,0.0228,0.0196,0.0211
1707822248.7,-6.983325819991099,-1.2747327101180197,0.017399999999994975,0.0228,0.0196,0.0211
1707822248.8,-6.970879799611648,-1.2834065187527148,0.016000000000005343,0.0228,0.0196,0.0211
1707822248.9,-6.958590815797887,-1.291883421770972,0.01470000000000482,0.0228,0.0196,0.0211
1707822249.0,-6.946829981484058,-1.3004838073367386,0.013999999999995794,0.0282,0.0248,0.0244
1707822249.1,-6.936039533873985,-1.3097116181018826,0.014099999999999113,0.0229,0.0195,0.0211
1707822249.2,-6.926222290006596,-1.3197904555710749,0.015399999999999636,0.0229,0.0195,0.0211
1707822249.3,-6.916992348305189,-1.330641337420305,0.017700000000004934,0.0229,0.0195,0.0211
1707822249.4,-6.907780011669236,-1.3420584579884351,0.02020000000000266,0.0229,0.0195,0.0211
1707822249.5,-6.897940233338222,-1.3535734755100406,0.02230000000000132,0.0229,0.0195,0.0211
1707822249.6,-6.887016692145548,-1.364702469426338,0.023399999999995202,0.0229,0.0195,0.0211
1707822249.7,-6.874922067275642,-1.3750460720799484,0.023299999999991883,0.0229,0.0195,0.0211
1707822249.8,-6.861893674072385,-1.3843940274335615,0.02209999999999468,0.0229,0.0195,0.0211
1707822249.9,-6.848515997886807,-1.3929187665114244,0.02029999999999177,0.0229,0.0195,0.0211
1707822250.0,-6.835429860368984,-1.4010552592726493,0.01859999999999218,0.0283,0.0246,0.0244
1707822250.1,-6.823153552054526,-1.4096222709091693,0.017399999999994975,0.023,0.0195,0.0213
1707822250.2,-6.812063819675565,-1.4189591020914634,0.017299999999991655,0.023,0.0195,0.0213
1707822250.3,-6.801957854011366,-1.429392812655692,0.01829999999999643,0.023,0.0195,0.0213
1707822250.4,-6.792411022587602,-1.4409145046800889,0.02020000000000266,0.023,0.0195,0.0213
1707822250.5,-6.782758561331043,-1.4531092302986275,0.022499999999993747,0.023,0.0195,0.0213
1707822250.6,-6.772434293851889,-1.4653317684683973,0.024500000000003297,0.023,0.0195,0.0213
1707822250.7,-6.761131893343869,-1.4768801592116045,0.02589999999999293,0.023,0.0195,0.0213
1707822250.8,-6.748857697668623,-1.4872704840923996,0.026399999999995316,0.023,0.0195,0.0213
1707822250.9,-6.735901132686714,-1.4964226476619957,0.02599999999999625,0.023,0.0195,0.0213
1707822251.0,-6.722755842446848,-1.504691522307785,0.024900000000002365,0.0284,0.0246,0.0246
1707822251.1,-6.709925329234133,-1.512722331195611,0.02360000000000184,0.023,0.0195,0.0212
1707822251.2,-6.697568742141485,-1.5212737689922844,0.022599999999997067,0.023,0.0195,0.0212
1707822251.3,-6.685695940189216,-1.530791929828236,0.02190000000000225,0.023,0.0195,0.0212
1707822251.4,-6.6741886176532725,-1.5417284706272014,0.022199999999998,0.023,0.0195,0.0212
1707822251.5,-6.6627087588671365,-1.553075506085443,0.022700000000000387,0.023,0.0195,0.0212
1707822251.6,-6.651952817156239,-1.5644091925381018,0.02379999999999427,0.023,0.0195,0.0212
1707822251.7,-6.642587669177026,-1.5750509328900875,0.025400000000004752,0.023,0.0195,0.0212
1707822251.8,-6.63462035702287,-1.585189843714981,0.02779999999999916,0.023,0.0195,0.0212
1707822251.9,-6.625762936887156,-1.5937880044464836,0.028599999999997294,0.023,0.0195,0.0212
1707822252.0,-6.617326628011105,-1.6025819569620032,0.029899999999997817,0.0284,0.0246,0.0246
1707822252.1,-6.608322030162034,-1.6112068171199607,0.030100000000004457,0.0228,0.0197,0.0211
1707822252.2,-6.598340003571827,-1.619669258715503,0.02939999999999543,0.0228,0.0197,0.0211
1707822252.3,-6.588308682999922,-1.6284320628436846,0.028499999999993975,0.0228,0.0197,0.0211
1707822252.4,-6.577869631011382,-1.6368455559624893,0.027000000000001023,0.0228,0.0197,0.0211
1707822252.5,-6.567729159504002,-1.6452245641502048,0.025400000000004752,0.0228,0.0197,0.0211
1707822252.6,-6.5586386493028295,-1.6536781049934028,0.024500000000003297,0.0228,0.0197,0.0211
1707822252.7,-6.550085443390167,-1.6619992660749698,0.02379999999999427,0.0228,0.0197,0.0211
1707822252.8,-6.542621633801089,-1.670420546113698,0.02389999999999759,0.0228,0.0197,0.0211
1707822252.9,-6.536452847019228,-1.678893000171072,0.024900000000002365,0.0228,0.0197,0.0211
1707822253.0,-6.531216420219234,-1.68750006023963,0.026600000000001955,0.0282,0.0248,0.0244
1707822253.1,-6.526536310956709,-1.6959435900362854,0.028599999999997294,0.0224,0.0204,0.0208
1707822253.2,-6.522125910018062,-1.7038943027676803,0.030299999999996885,0.0224,0.0204,0.0208
1707822253.3,-6.517523966894517,-1.7109628389924,0.03119999999999834,0.0224,0.0204,0.0208
1707822253.4,-6.512272047724273,-1.717120274449726,0.03119999999999834,0.0224,0.0204,0.0208
1707822253.5,-6.506245509201604,-1.7224244576610956,0.030299999999996885,0.0224,0.0204,0.0208
1707822253.6,-6.499488715910038,-1.7271357027271104,0.028499999999993975,0.0224,0.0204,0.0208
1707822253.7,-6.492472072922954,-1.7318602975063524,0.026700000000005275,0.0224,0.0204,0.0208
1707822253.8,-6.485567397798284,-1.736918627332191,0.025199999999998113,0.0224,0.0204,0.0208
1707822253.9,-6.479623250581031,-1.742464212845275,0.024500000000003297,0.0224,0.0204,0.0208
1707822254.0,-6.475250172244523,-1.7485671391554929,0.024900000000002365,0.0277,0.0256,0.0241
1707822254.1,-6.472685478020655,-1.7546389156630837,0.026099999999999568,0.0219,0.0213,0.0205
1707822254.2,-6.471635516658455,-1.760328007939696,0.027999999999991587,0.0219,0.0213,0.0205
1707822254.3,-6.471577068112153,-1.7651093374079545,0.029899999999997817,0.0219,0.0213,0.0205
1707822254.4,-6.471356653657986,-1.76832544360592,0.030799999999999272,0.0219,0.0213,0.0205
1707822254.5,-6.471198208852801,-1.7702066039563433,0.03130000000000166,0.0219,0.0213,0.0205
1707822254.6,-6.4702595110652865,-1.7709107873531122,0.030900000000002592,0.0219,0.0213,0.0205
1707822254.7,-6.468430000952492,-1.7707950924331708,0.02960000000000207,0.0219,0.0213,0.0205
1707822254.8,-6.466813863312478,-1.770627111785096,0.028499999999993975,0.0219,0.0213,0.0205
1707822254.9,-6.464739996042396,-1.7707205576547547,0.027100000000004343,0.0219,0.0213,0.0205
1707822255.0,-6.462783025920911,-1.7715026144966242,0.026299999999991996,0.0271,0.0267,0.0237
1707822255.1,-6.460841548169676,-1.7725616709884293,0.02559999999999718,0.0212,0.0224,0.02
1707822255.2,-6.460331707798953,-1.7719798570143934,0.024900000000002365,0.0212,0.0224,0.02
1707822255.3,-6.464409022301271,-1.7710353823177534,0.02719999999999345,0.0212,0.0224,0.02
1707822255.4,-6.4681321245910794,-1.7671184299744147,0.02750000000000341,0.0212,0.0224,0.02
1707822255.5,-6.474198098299105,-1.7618020108822385,0.028800000000003934,0.0212,0.0224,0.02
1707822255.6,-6.481581629109992,-1.754885880758102,0.030299999999996885,0.0212,0.0224,0.02
1707822255.7,-6.488480670716744,-1.746850621494104,0.0309999999999917,0.0212,0.0224,0.02
1707822255.8,-6.494727623581594,-1.7377407311908093,0.030699999999995953,0.0212,0.0224,0.02
1707822255.9,-6.500995702614578,-1.7283505032785391,0.030299999999996885,0.0212,0.0224,0.02
1707822256.0,-6.505519479599142,-1.7185086184425336,0.028599999999997294,0.0263,0.028,0.0232
1707822256.1,-6.509983399629928,-1.7074519323474548,0.026099999999999568,0.0201,0.0238,0.0193
1707822256.2,-6.517345804384666,-1.6975655494108837,0.026799999999994384,0.0201,0.0238,0.0193
1707822256.3,-6.520414001285599,-1.6858158033827109,0.02370000000000516,0.0201,0.0238,0.0193
1707822256.4,-6.525571557714877,-1.6757269541593314,0.02370000000000516,0.0201,0.0238,0.0193
1707822256.5,-6.531148112876593,-1.6662421665449816,0.024900000000002365,0.0201,0.0238,0.0193
1707822256.6,-6.535045152341837,-1.655872979004982,0.024399999999999977,0.0201,0.0238,0.0193
1707822256.7,-6.5412928095504075,-1.6450476834574304,0.025400000000004752,0.0201,0.0238,0.0193
1707822256.8,-6.548239032443653,-1.6334547946136575,0.026700000000005275,0.0201,0.0238,0.0193
1707822256.9,-6.555449330254845,-1.6206437686747048,0.02740000000000009,0.0201,0.0238,0.0193
1707822257.0,-6.563915215519915,-1.606636853275566,0.028400000000004866,0.025,0.0297,0.0225
1707822257.1,-6.57117762401577,-1.59061750947386,0.02790000000000248,0.019,0.0252,0.0187
1707822257.2,-6.578287221280351,-1.573732674714813,0.027100000000004343,0.019,0.0252,0.0187
1707822257.3,-6.58493908885887,-1.5560134988010523,0.026200000000002888,0.019,0.0252,0.0187
1707822257.4,-6.5900001699639645,-1.5377814816060122,0.024199999999993338,0.019,0.0252,0.0187
1707822257.5,-6.5952288505508365,-1.5196618220795177,0.023099999999999454,0.019,0.0252,0.0187
1707822257.6,-6.599751923359659,-1.5014042192904435,0.021599999999992292,0.019,0.0252,0.0187
1707822257.7,-6.6048179339749105,-1.4830776423933238,0.020600000000001728,0.019,0.0252,0.0187
1707822257.8,-6.611181079756622,-1.464401756609761,0.02049999999999841,0.019,0.0252,0.0187
1707822257.9,-6.6183857439379095,-1.4450606227366907,0.02049999999999841,0.019,0.0252,0.0187
1707822258.0,-6.627428368564861,-1.4251677101521463,0.021599999999992292,0.0238,0.0312,0.0217
1707822258.1,-6.63747166046033,-1.4042869386028172,0.023299999999991883,0.0184,0.0261,0.0182
1707822258.2,-6.647840292579005,-1.3824016218317245,0.024799999999999045,0.0184,0.0261,0.0182
1707822258.3,-6.658646232503334,-1.3592036068480835,0.026399999999995316,0.0184,0.0261,0.0182
1707822258.4,-6.6676649143151785,-1.3340454484823643,0.026099999999999568,0.0184,0.0261,0.0182
1707822258.5,-6.676651907210781,-1.307543444224403,0.0257000000000005,0.0184,0.0261,0.0182
1707822258.6,-6.6844959843547,-1.2795218272138462,0.02389999999999759,0.0184,0.0261,0.0182
1707822258.7,-6.692078803563605,-1.2506514076258608,0.02169999999999561,0.0184,0.0261,0.0182
1707822258.8,-6.70054680152388,-1.221287058555483,0.019800000000003593,0.0184,0.0261,0.0182
1707822258.9,-6.7093549276778965,-1.191366481105103,0.017499999999998295,0.0184,0.0261,0.0182
1707822259.0,-6.720299594870726,-1.1615515882357663,0.01670000000000016,0.0233,0.0321,0.0213
1707822259.1,-6.732644914759558,-1.1317767423831786,0.016999999999995907,0.0186,0.0263,0.0181
1707822259.2,-6.74649158761104,-1.102095343107894,0.01829999999999643,0.0186,0.0263,0.0181
1707822259.3,-6.761843838927564,-1.0725652389313496,0.020700000000005048,0.0186,0.0263,0.0181
1707822259.4,-6.777091868762777,-1.0427013975852752,0.022899999999992815,0.0186,0.0263,0.0181
1707822259.5,-6.792355390912246,-1.0125950401050656,0.025099999999994793,0.0186,0.0263,0.0181
1707822259.6,-6.806723875681988,-0.9817477880474453,0.026299999999991996,0.0186,0.0263,0.0181
1707822259.7,-6.820110002144442,-0.9498848665967425,0.026299999999991996,0.0186,0.0263,0.0181
1707822259.8,-6.833130649302558,-0.9171775915294941,0.02549999999999386,0.0186,0.0263,0.0181
1707822259.9,-6.845887925662474,-0.8834190468903639,0.02370000000000516,0.0186,0.0263,0.0181
1707822260.0,-6.859552915237384,-0.849361251428082,0.02200000000000557,0.0236,0.0323,0.0212
1707822260.1,-6.874407297562742,-0.8155170471315721,0.02039999999999509,0.0192,0.0256,0.0184
1707822260.2,-6.890885563685242,-0.7820699899040449,0.019499999999993634,0.0192,0.0256,0.0184
1707822260.3,-6.909147566873541,-0.7495128953954715,0.019800000000003593,0.0192,0.0256,0.0184
1707822260.4,-6.928571499174466,-0.7175554149503336,0.020600000000001728,0.0192,0.0256,0.0184
1707822260.5,-6.949058772568631,-0.6861752981030595,0.022199999999998,0.0192,0.0256,0.0184
1707822260.6,-6.969729137814824,-0.6550833057846845,0.02389999999999759,0.0192,0.0256,0.0184
1707822260.7,-6.990288239542323,-0.6238333459877111,0.025400000000004752,0.0192,0.0256,0.0184
1707822260.8,-7.010670587223442,-0.5922774608647945,0.026499999999998636,0.0192,0.0256,0.0184
1707822260.9,-7.030549432227495,-0.560169799153337,0.026899999999997704,0.0192,0.0256,0.0184
1707822261.0,-7.050331097843611,-0.5276483034082738,0.026600000000001955,0.0244,0.0314,0.0216
1707822261.1,-7.069927558912497,-0.4948375693018906,0.0257000000000005,0.0202,0.0241,0.0188
1707822261.2,-7.0900085093534955,-0.46245290652520854,0.024799999999999045,0.0202,0.0241,0.0188
1707822261.3,-7.1097436977468735,-0.430150565446866,0.023099999999999454,0.0202,0.0241,0.0188
1707822261.4,-7.130559128067211,-0.3989629024245686,0.02209999999999468,0.0202,0.0241,0.0188
1707822261.5,-7.151533003192734,-0.37014588098184836,0.02230000000000132,0.0202,0.0241,0.0188
1707822261.6,-7.170952710327224,-0.3434414104370787,0.022499999999993747,0.0202,0.0241,0.0188
1707822261.7,-7.190549171452103,-0.31865814796712577,0.02379999999999427,0.0202,0.0241,0.0188
1707822261.8,-7.209854798140961,-0.29462468011928344,0.025099999999994793,0.0202,0.0241,0.0188
1707822261.9,-7.229411824136475,-0.27116301449128977,0.026899999999997704,0.0202,0.0241,0.0188
1707822262.0,-7.249667415984645,-0.24695377978309388,0.028400000000004866,0.0255,0.0295,0.0221
1707822262.1,-7.2702279260076335,-0.22186570440432962,0.029200000000003,0.0211,0.0225,0.0194
1707822262.2,-7.291320106689229,-0.1961446438634615,0.02949999999999875,0.0211,0.0225,0.0194
1707822262.3,-7.311933431796596,-0.16968491357944643,0.028700000000000614,0.0211,0.0225,0.0194
1707822262.4,-7.332251697301508,-0.1432952676976753,0.02750000000000341,0.0211,0.0225,0.0194
1707822262.5,-7.352284057880558,-0.11738731329455654,0.026200000000002888,0.0211,0.0225,0.0194
1707822262.6,-7.372062202449987,-0.09193658002376599,0.024799999999999045,0.0211,0.0225,0.0194
1707822262.7,-7.392233290241543,-0.0674447800417525,0.024299999999996658,0.0211,0.0225,0.0194
1707822262.8,-7.412926189895366,-0.04347027313247947,0.024299999999996658,0.0211,0.0225,0.0194
1707822262.9,-7.43418033637284,-0.019937410685109944,0.024699999999995725,0.0211,0.0225,0.0194
1707822263.0,-7.456011222324183,0.0033963227268468594,0.02549999999999386,0.0265,0.0275,0.0227
1707822263.1,-7.478355469468963,0.02672226992652476,0.026200000000002888,0.0217,0.0215,0.0198
1707822263.2,-7.500935623494154,0.05019394730870563,0.026799999999994384,0.0217,0.0215,0.0198
1707822263.3,-7.523615773834222,0.0738814413985669,0.02719999999999345,0.0217,0.0215,0.0198
1707822263.4,-7.5460917063781014,0.09798833090004892,0.02729999999999677,0.0217,0.0215,0.0198
1707822263.5,-7.568383138606484,0.12241449473305716,0.02719999999999345,0.0217,0.0215,0.0198
1707822263.6,-7.590453452316946,0.14707872361638402,0.026700000000005275,0.0217,0.0215,0.0198
1707822263.7,-7.612456162804513,0.17185531016825648,0.026099999999999568,0.0217,0.0215,0.0198
1707822263.8,-7.634792663792164,0.1962069399304931,0.02559999999999718,0.0217,0.0215,0.0198
1707822263.9,-7.6567869239468624,0.21974870242256242,0.025199999999998113,0.0217,0.0215,0.0198
1707822264.0,-7.678398803739528,0.24275648700020155,0.024599999999992406,0.0271,0.0265,0.0232
1707822264.1,-7.699949418226932,0.26456838211765443,0.024699999999995725,0.0219,0.0211,0.0201
1707822264.2,-7.721288772880768,0.286334668132699,0.024900000000002365,0.0219,0.0211,0.0201
1707822264.3,-7.7426908013033335,0.30842356502302093,0.024900000000002365,0.0219,0.0211,0.0201
1707822264.4,-7.764497040263828,0.33078278847577597,0.025199999999998113,0.0219,0.0211,0.0201
1707822264.5,-7.786005402750923,0.3536793270943569,0.025099999999994793,0.0219,0.0211,0.0201
1707822264.6,-7.807501089626726,0.3766225900630561,0.024999999999991473,0.0219,0.0211,0.0201
1707822264.7,-7.828624959336551,0.3992465765772957,0.024999999999991473,0.0219,0.0211,0.0201
1707822264.8,-7.849267860720948,0.42153349079354296,0.024900000000002365,0.0219,0.0211,0.0201
1707822264.9,-7.870102304458223,0.44306949797054773,0.025400000000004752,0.0219,0.0211,0.0201
1707822265.0,-7.890793795592583,0.46415273651432987,0.02599999999999625,0.0273,0.0262,0.0235
1707822265.1,-7.911044458042583,0.48523931230950773,0.026399999999995316,0.022,0.0211,0.0203
1707822265.2,-7.931399341917901,0.5059298527451905,0.02719999999999345,0.022,0.0211,0.0203
1707822265.3,-7.951212696450259,0.5265013617171808,0.02769999999999584,0.022,0.0211,0.0203
1707822265.4,-7.970161294055662,0.5470317098400012,0.02769999999999584,0.022,0.0211,0.0203
1707822265.5,-7.9886704713841805,0.5672650326815782,0.02750000000000341,0.022,0.0211,0.0203
1707822265.6,-8.006336017785898,0.5876185001116242,0.026799999999994384,0.022,0.0211,0.0203
1707822265.7,-8.023714250742291,0.6079041086813346,0.02599999999999625,0.022,0.0211,0.0203
1707822265.8,-8.041145298727066,0.6281607929903262,0.025199999999998113,0.022,0.0211,0.0203
1707822265.9,-8.05884253393304,0.6483396052695061,0.024399999999999977,0.022,0.0211,0.0203
1707822266.0,-8.077231997298009,0.667985552759032,0.024199999999993338,0.0273,0.0263,0.0236
1707822266.1,-8.095986940191292,0.6869284278536324,0.024299999999996658,0.0221,0.0209,0.0204
1707822266.2,-8.115103841510205,0.7051304090784664,0.024999999999991473,0.0221,0.0209,0.0204
1707822266.3,-8.13426369900517,0.7227172031076626,0.026099999999999568,0.0221,0.0209,0.0204
1707822266.4,-8.15300385364795,0.740239472697341,0.027000000000001023,0.0221,0.0209,0.0204
1707822266.5,-8.171731332735432,0.757506992395011,0.027999999999991587,0.0221,0.0209,0.0204
1707822266.6,-8.189935591665156,0.7750170261038829,0.028499999999993975,0.0221,0.0209,0.0204
1707822266.7,-8.207438467927274,0.7929542435595878,0.028199999999998226,0.0221,0.0209,0.0204
1707822266.8,-8.224592061319058,0.8110983769706289,0.02740000000000009,0.0221,0.0209,0.0204
1707822266.9,-8.24119004129312,0.8297386646983261,0.02580000000000382,0.0221,0.0209,0.0204
1707822267.0,-8.257909143638209,0.8484479244111355,0.024199999999993338,0.0274,0.0261,0.0237
1707822267.1,-8.274995133863092,0.8669536061276488,0.022800000000003706,0.0223,0.0205,0.0205
1707822267.2,-8.292291679801798,0.8850643656094436,0.02169999999999561,0.0223,0.0205,0.0205
1707822267.3,-8.310183274119606,0.902301848629263,0.021500000000003183,0.0223,0.0205,0.0205
1707822267.4,-8.328235425937805,0.9188585083044394,0.02200000000000557,0.0223,0.0205,0.0205
1707822267.5,-8.34618053945974,0.9350135733650391,0.022800000000003706,0.0223,0.0205,0.0205
1707822267.6,-8.364509441639196,0.9511085650699376,0.02400000000000091,0.0223,0.0205,0.0205
1707822267.7,-8.38318410581028,0.9671401468753835,0.02549999999999386,0.0223,0.0205,0.0205
1707822267.8,-8.40169962088845,0.9840338809714857,0.026299999999991996,0.0223,0.0205,0.0205
1707822267.9,-8.42071793424397,1.0012546777343265,0.02719999999999345,0.0223,0.0205,0.0205
1707822268.0,-8.439676390701706,1.0194777941770223,0.027100000000004343,0.0276,0.0258,0.0239
1707822268.1,-8.458600341372254,1.0382215416514988,0.026499999999998636,0.0224,0.0203,0.0206
1707822268.2,-8.477629921987583,1.0572155900571005,0.02549999999999386,0.0224,0.0203,0.0206
1707822268.3,-8.496078538074595,1.0766968934423031,0.023499999999998522,0.0224,0.0203,0.0206
1707822268.4,-8.515224311550794,1.0962082327977118,0.02169999999999561,0.0224,0.0203,0.0206
1707822268.5,-8.535382723899039,1.1150042645850329,0.020899999999997476,0.0224,0.0203,0.0206
1707822268.6,-8.555640428218439,1.1354111294526996,0.019000000000005457,0.0224,0.0203,0.0206
1707822268.7,-8.579547293911094,1.153512991012728,0.020899999999997476,0.0224,0.0203,0.0206
1707822268.8,-8.60126128271384,1.1720108836863845,0.021399999999999864,0.0224,0.0203,0.0206
1707822268.9,-8.621001400449394,1.1901071817454645,0.021599999999992292,0.0224,0.0203,0.0206
1707822269.0,-8.641464731028451,1.2063890658973246,0.02370000000000516,0.0277,0.0255,0.0239
1707822269.1,-8.65945209660669,1.223772280514936,0.02360000000000184,0.0222,0.0206,0.0205
1707822269.2,-8.676364853719893,1.2410108752442428,0.023299999999991883,0.0222,0.0206,0.0205
1707822269.3,-8.694447990278592,1.257183738978953,0.024299999999996658,0.0222,0.0206,0.0205
1707822269.4,-8.71129244016114,1.2747927820584322,0.023200000000002774,0.0222,0.0206,0.0205
1707822269.5,-8.729271355238527,1.2914851622848578,0.023200000000002774,0.0222,0.0206,0.0205
1707822269.6,-8.748350229891548,1.3074166237178535,0.02400000000000091,0.0222,0.0206,0.0205
1707822269.7,-8.766319990292343,1.324160176547636,0.023399999999995202,0.0222,0.0206,0.0205
1707822269.8,-8.78508831297266,1.3400015279470803,0.02379999999999427,0.0222,0.0206,0.0205
1707822269.9,-8.803194688114731,1.3563635096706605,0.023399999999995202,0.0222,0.0206,0.0205
1707822270.0,-8.820153922450672,1.3734196616215333,0.02200000000000557,0.0274,0.0259,0.0238
1707822270.1,-8.837630039194718,1.3902344126859807,0.021500000000003183,0.0221,0.0208,0.0205
1707822270.2,-8.854173091725158,1.4077978445401178,0.02009999999999934,0.0221,0.0208,0.0205
1707822270.3,-8.87072459458847,1.4249730293699723,0.019199999999997885,0.0221,0.0208,0.0205
1707822270.4,-8.88760002921152,1.4411759290748887,0.019400000000004525,0.0221,0.0208,0.0205
1707822270.5,-8.904156461473,1.4578416105825038,0.019000000000005457,0.0221,0.0208,0.0205
1707822270.6,-8.922534657690148,1.4732913791215585,0.02039999999999509,0.0221,0.0208,0.0205
1707822270.7,-8.94145719995322,1.4882995031987096,0.02230000000000132,0.0221,0.0208,0.0205
1707822270.8,-8.959617094299416,1.5038749784118928,0.023200000000002774,0.0221,0.0208,0.0205
1707822270.9,-8.978120637942038,1.5188508409769295,0.024799999999999045,0.0221,0.0208,0.0205
1707822271.0,-8.995612951232074,1.5351382886297382,0.024999999999991473,0.0273,0.0262,0.0237
1707822271.1,-9.01233627879959,1.5523702088562534,0.024199999999993338,0.022,0.021,0.0204
1707822271.2,-9.028711027560528,1.5703430236601796,0.022899999999992815,0.022,0.021,0.0204
1707822271.3,-9.044637905655716,1.5892480758646503,0.020700000000005048,0.022,0.021,0.0204
1707822271.4,-9.060934488277672,1.607863889707801,0.018799999999998818,0.022,0.021,0.0204
1707822271.5,-9.077563453104224,1.6262015900685953,0.017299999999991655,0.022,0.021,0.0204
1707822271.6,-9.095349417589238,1.6436315283286804,0.016999999999995907,0.022,0.021,0.0204
1707822271.7,-9.114017743898684,1.659852227415352,0.017899999999997362,0.022,0.021,0.0204
1707822271.8,-9.132557905911709,1.675195199663876,0.019199999999997885,0.022,0.021,0.0204
1707822271.9,-9.151141024100786,1.6895213893945413,0.021199999999993224,0.022,0.021,0.0204
1707822272.0,-9.16891642561372,1.703607287825335,0.022800000000003706,0.0272,0.0264,0.0237
1707822272.1,-9.185572150014336,1.7182249414592285,0.02360000000000184,0.0219,0.0212,0.0203
1707822272.2,-9.201470860015997,1.7336101862664097,0.023399999999995202,0.0219,0.0212,0.0203
1707822272.3,-9.216380169896963,1.7504004620310216,0.02190000000000225,0.0219,0.0212,0.0203
1707822272.4,-9.23087752308287,1.7681752609243115,0.019599999999996953,0.0219,0.0212,0.0203
1707822272.5,-9.245460788564888,1.7861336135978783,0.017299999999991655,0.0219,0.0212,0.0203
1707822272.6,-9.259924340251336,1.803846115716492,0.015100000000003888,0.0219,0.0212,0.0203
1707822272.7,-9.274931533863962,1.8203237916523691,0.014099999999999113,0.0219,0.0212,0.0203
1707822272.8,-9.2904464552081,1.8352429181131003,0.014200000000002433,0.0219,0.0212,0.0203
1707822272.9,-9.306320518274905,1.8487648040745468,0.015399999999999636,0.0219,0.0212,0.0203
1707822273.0,-9.322738223211893,1.8610830122405946,0.017499999999998295,0.027,0.0266,0.0236
1707822273.1,-9.339117901482986,1.8732877510286092,0.019800000000003593,0.0218,0.0213,0.0203
1707822273.2,-9.355343360059337,1.885977519961961,0.02169999999999561,0.0218,0.0213,0.0203
1707822273.3,-9.370968840690432,1.899630673975551,0.022599999999997067,0.0218,0.0213,0.0203
1707822273.4,-9.38547253173798,1.914609874499628,0.022199999999998,0.0218,0.0213,0.0203
1707822273.5,-9.399183294191905,1.9303789166625642,0.020799999999994156,0.0218,0.0213,0.0203
1707822273.6,-9.412046904840325,1.946567354944766,0.018699999999995498,0.0218,0.0213,0.0203
1707822273.7,-9.424518276330373,1.962554439357291,0.01640000000000441,0.0218,0.0213,0.0203
1707822273.8,-9.437325551015709,1.977580362816197,0.014899999999997249,0.0218,0.0213,0.0203
1707822273.9,-9.45061027275581,1.991657361202291,0.014099999999999113,0.0218,0.0213,0.0203
1707822274.0,-9.46475975147886,2.004688654225096,0.014200000000002433,0.027,0.0266,0.0236
1707822274.1,-9.479527517276374,2.0169123041043533,0.015000000000000568,0.0219,0.0211,0.0203
1707822274.2,-9.49442555989753,2.028953511205177,0.015900000000002024,0.0219,0.0211,0.0203
1707822274.3,-9.509294730417398,2.0410714786263244,0.016899999999992588,0.0219,0.0211,0.0203
1707822274.4,-9.523655468974017,2.0534831347849645,0.017700000000004934,0.0219,0.0211,0.0203
1707822274.5,-9.53736271043725,2.066226301155937,0.018100000000004002,0.0219,0.0211,0.0203
1707822274.6,-9.550411525464922,2.0791263232960207,0.01829999999999643,0.0219,0.0211,0.0203
1707822274.7,-9.562857545844372,2.092258848400763,0.018000000000000682,0.0219,0.0211,0.0203
1707822274.8,-9.575278919232975,2.105918677624789,0.017099999999999227,0.0219,0.0211,0.0203
1707822274.9,-9.58884320820528,2.11984660786934,0.01649999999999352,0.0219,0.0211,0.0203
1707822275.0,-9.60326802888211,2.1338457363485555,0.016000000000005343,0.0272,0.0263,0.0236
1707822275.1,-9.617573839883123,2.148240897356688,0.015199999999992997,0.022,0.0208,0.0204
1707822275.2,-9.632199357365451,2.1617394211430754,0.015299999999996317,0.022,0.0208,0.0204
1707822275.3,-9.645143950911809,2.174913107096988,0.01470000000000482,0.022,0.0208,0.0204
1707822275.4,-9.657013231873385,2.1868575310767566,0.014399999999994861,0.022,0.0208,0.0204
1707822275.5,-9.668400136326031,2.1973101534398727,0.015000000000000568,0.022,0.0208,0.0204
1707822275.6,-9.678082878203343,2.2074657519370335,0.015000000000000568,0.022,0.0208,0.0204
1707822275.7,-9.687995893219174,2.216850417056,0.015500000000002956,0.022,0.0208,0.0204
1707822275.8,-9.698813100403314,2.226001468208464,0.01659999999999684,0.022,0.0208,0.0204
1707822275.9,-9.709992970188825,2.2356998462809416,0.017299999999991655,0.022,0.0208,0.0204
1707822276.0,-9.722304488410217,2.2456707764577604,0.01819999999999311,0.0273,0.0258,0.0237
1707822276.1,-9.734667413196524,2.256222408191483,0.01859999999999218,0.0221,0.0206,0.0204
1707822276.2,-9.746821190788474,2.267282430830313,0.018900000000002137,0.0221,0.0206,0.0204
1707822276.3,-9.75876511695433,2.278628355286712,0.019199999999997885,0.0221,0.0206,0.0204
1707822276.4,-9.76949641173037,2.291281413039422,0.01819999999999311,0.0221,0.0206,0.0204
1707822276.5,-9.78051361148827,2.304252631998881,0.017399999999994975,0.0221,0.0206,0.0204
1707822276.6,-9.791261807042039,2.3171637790179287,0.01630000000000109,0.0221,0.0206,0.0204
1707822276.7,-9.801671282753547,2.3301283241822413,0.0146000000000015,0.0221,0.0206,0.0204
1707822276.8,-9.81317438001107,2.341870281167557,0.014099999999999113,0.0221,0.0206,0.0204
1707822276.9,-9.82489789177875,2.3526132550167693,0.013999999999995794,0.0221,0.0206,0.0204
1707822277.0,-9.836950264648348,2.362478502027834,0.0146000000000015,0.0274,0.0257,0.0237
1707822277.1,-9.849991333462896,2.3713770252919755,0.01659999999999684,0.0222,0.0204,0.0205
1707822277.2,-9.862448620990168,2.380832887937962,0.018100000000004002,0.0222,0.0204,0.0205
1707822277.3,-9.875072803767484,2.3912855110087223,0.019599999999996953,0.0222,0.0204,0.0205
1707822277.4,-9.888082183665789,2.403295570429852,0.020600000000001728,0.0222,0.0204,0.0205
1707822277.5,-9.901159166675003,2.417833125784381,0.02009999999999934,0.0222,0.0204,0.0205
1707822277.6,-9.9154410349169,2.433434188006887,0.019499999999993634,0.0222,0.0204,0.0205
1707822277.7,-9.929393337769156,2.4499930739316165,0.017799999999994043,0.0222,0.0204,0.0205
1707822277.8,-9.943165365584337,2.4659267594912317,0.016199999999997772,0.0222,0.0204,0.0205
1707822277.9,-9.957152878455515,2.480600034689365,0.015399999999999636,0.0222,0.0204,0.0205
1707822278.0,-9.971225599335074,2.4938682796377125,0.015500000000002956,0.0276,0.0254,0.0238
1707822278.1,-9.985993365188582,2.5060641183810275,0.016199999999997772,0.0222,0.0204,0.0205
1707822278.2,-10.002057562088801,2.5171163540999344,0.01839999999999975,0.0222,0.0204,0.0205
1707822278.3,-10.018023875201367,2.528535700209973,0.0198999999999927,0.0222,0.0204,0.0205
1707822278.4,-10.033543725999667,2.54010745171295,0.021000000000000796,0.0222,0.0204,0.0205
1707822278.5,-10.048150934296793,2.552012940385458,0.021299999999996544,0.0222,0.0204,0.0205
1707822278.6,-10.060968772010202,2.5650052966857126,0.02020000000000266,0.0222,0.0204,0.0205
1707822278.7,-10.072848615943858,2.5786428761518114,0.01859999999999218,0.0222,0.0204,0.0205
1707822278.8,-10.084134819905886,2.592783285145002,0.01680000000000348,0.0222,0.0204,0.0205
1707822278.9,-10.09563228364549,2.607129499799331,0.015199999999992997,0.0222,0.0204,0.0205
1707822279.0,-10.108226185802051,2.6207915538576203,0.014799999999993929,0.0275,0.0254,0.0238
1707822279.1,-10.121748927061775,2.6342266663292664,0.014899999999997249,0.0222,0.0205,0.0204
1707822279.2,-10.13615191756271,2.646904198674167,0.015399999999999636,0.0222,0.0205,0.0204
1707822279.3,-10.15136684996222,2.6587062283075396,0.01649999999999352,0.0222,0.0205,0.0204
1707822279.4,-10.166420520685595,2.670192320860782,0.017299999999991655,0.0222,0.0205,0.0204
1707822279.5,-10.181068572631547,2.681554932281804,0.017799999999994043,0.0222,0.0205,0.0204
1707822279.6,-10.194936371595169,2.693292439598592,0.018000000000000682,0.0222,0.0205,0.0204
1707822279.7,-10.207712661372023,2.7059866582004717,0.017499999999998295,0.0222,0.0205,0.0204
1707822279.8,-10.2199108035475,2.719434007968213,0.01680000000000348,0.0222,0.0205,0.0204
1707822279.9,-10.231678679842716,2.7334709593375583,0.015900000000002024,0.0222,0.0205,0.0204
1707822280.0,-10.243203607332127,2.747763775138977,0.01470000000000482,0.0275,0.0255,0.0237
1707822280.1,-10.255221474526522,2.7609441355956807,0.014299999999991542,0.0222,0.0205,0.0204
1707822280.2,-10.267652002479728,2.773115501162094,0.014399999999994861,0.0222,0.0205,0.0204
1707822280.3,-10.280428292312576,2.784334605111943,0.01470000000000482,0.0222,0.0205,0.0204
1707822280.4,-10.29353626006229,2.794777215013227,0.015599999999992065,0.0222,0.0205,0.0204
1707822280.5,-10.306304803794003,2.8052409629629507,0.016199999999997772,0.0222,0.0205,0.0204
1707822280.6,-10.31857477424682,2.815959462219972,0.01649999999999352,0.0222,0.0205,0.0204
1707822280.7,-10.330208852615712,2.82698277367816,0.01649999999999352,0.0222,0.0205,0.0204
1707822280.8,-10.340968315373297,2.8382241273859363,0.016099999999994452,0.0222,0.0205,0.0204
1707822280.9,-10.351084844121562,2.8492118400806143,0.015500000000002956,0.0222,0.0205,0.0204
1707822281.0,-10.360659843414881,2.85966446244373,0.014899999999997249,0.0275,0.0255,0.0237
1707822281.1,-10.370339064245506,2.869010192963079,0.015199999999992997,0.0222,0.0204,0.0204
1707822281.2,-10.380020397771336,2.8773447016349403,0.016199999999997772,0.0222,0.0204,0.0204
1707822281.3,-10.389701731241171,2.884975027617677,0.017600000000001614,0.0222,0.0204,0.0204
1707822281.4,-10.399782345794774,2.891977928401036,0.019499999999993634,0.0222,0.0204,0.0204
1707822281.5,-10.409522831930659,2.899181071344584,0.020899999999997476,0.0222,0.0204,0.0204
1707822281.6,-10.418712634270967,2.906842545714659,0.021599999999992292,0.0222,0.0204,0.0204
1707822281.7,-10.426649665748377,2.9152960886807904,0.021100000000004115,0.0222,0.0204,0.0204
1707822281.8,-10.432809298021628,2.9248843332113417,0.019199999999997885,0.0222,0.0204,0.0204
1707822281.9,-10.439535810748433,2.936151272513152,0.01649999999999352,0.0222,0.0204,0.0204
1707822282.0,-10.44940094030203,2.9466294825932353,0.016099999999994452,0.0276,0.0254,0.0237
1707822282.1,-10.459984353188975,2.958411488010589,0.01470000000000482,0.0222,0.0205,0.0204
1707822282.2,-10.473497235596366,2.9683857554388036,0.016099999999994452,0.0222,0.0205,0.0204
1707822282.3,-10.487475593846947,2.9776758629786237,0.018000000000000682,0.0222,0.0205,0.0204
1707822282.4,-10.500603983421074,2.9865254384736724,0.019800000000003593,0.0222,0.0205,0.0204
1707822282.5,-10.514932328829715,2.9947776261548387,0.022499999999993747,0.0222,0.0205,0.0204
1707822282.6,-10.527868471931217,3.0002408906772278,0.026399999999995316,0.0222,0.0205,0.0204
1707822282.7,-10.534070356092792,3.0075274670286025,0.024900000000002365,0.0222,0.0205,0.0204
1707822282.8,-10.540170131356271,3.0115033803105105,0.0257000000000005,0.0222,0.0205,0.0204
1707822282.9,-10.542065836172496,3.0158942379202225,0.023499999999998522,0.0222,0.0205,0.0204
1707822283.0,-10.54070109772715,3.0212473689006853,0.01829999999999643,0.0276,0.0256,0.0237
1707822283.1,-10.54191020812627,3.024292156491536,0.015900000000002024,0.0219,0.0212,0.0201
1707822283.2,-10.54276792295985,3.0278197501011044,0.012500000000002842,0.0219,0.0212,0.0201
1707822283.3,-10.545562186314479,3.03021264002332,0.010800000000003251,0.0219,0.0212,0.0201
1707822283.4,-10.551980259651797,3.030524127434923,0.01269999999999527,0.0219,0.0212,0.0201
1707822283.5,-10.55840537508249,3.030560838615565,0.014899999999997249,0.0219,0.0212,0.0201
1707822283.6,-10.565840312402297,3.0291124233899893,0.01859999999999218,0.0219,0.0212,0.0201
1707822283.7,-10.572371057665785,3.026888625117692,0.02230000000000132,0.0219,0.0212,0.0201
1707822283.8,-10.575494182122327,3.0248862077616674,0.02379999999999427,0.0219,0.0212,0.0201
1707822283.9,-10.576832865113355,3.0221217577797925,0.024699999999995725,0.0219,0.0212,0.0201
1707822284.0,-10.57486321943657,3.019857913906035,0.022999999999996135,0.0273,0.0263,0.0234
1707822284.1,-10.570504929294573,3.0175373332203272,0.0198999999999927,0.0212,0.0222,0.0197
1707822284.2,-10.566419164347398,3.014589328750531,0.016999999999995907,0.0212,0.0222,0.0197
1707822284.3,-10.562115097529272,3.0110617351409625,0.013899999999992474,0.0212,0.0222,0.0197
1707822284.4,-10.559024366332695,3.0060734890097236,0.011799999999993815,0.0212,0.0222,0.0197
1707822284.5,-10.558248338628788,2.9993731755932673,0.011600000000001387,0.0212,0.0222,0.0197
1707822284.6,-10.558795501489664,2.9914981100574205,0.012500000000002842,0.0212,0.0222,0.0197
1707822284.7,-10.560934155111694,2.9827152810055755,0.01470000000000482,0.0212,0.0222,0.0197
1707822284.8,-10.563356601132362,2.973540869093341,0.017399999999994975,0.0212,0.0222,0.0197
1707822284.9,-10.564572753456876,2.9644020559446167,0.019400000000004525,0.0212,0.0222,0.0197
1707822285.0,-10.564506558697452,2.9551675699690367,0.021000000000000796,0.0264,0.0275,0.0229
1707822285.1,-10.56214396974255,2.946112190935784,0.021199999999993224,0.0202,0.0234,0.0191
1707822285.2,-10.55781948110001,2.937120221094339,0.01999999999999602,0.0202,0.0234,0.0191
1707822285.3,-10.552720373273027,2.9279001979567627,0.01829999999999643,0.0202,0.0234,0.0191
1707822285.4,-10.54702480843549,2.918359787362884,0.016000000000005343,0.0202,0.0234,0.0191
1707822285.5,-10.541934855117118,2.9081552425119184,0.013800000000003365,0.0202,0.0234,0.0191
1707822285.6,-10.53815964203066,2.8971096812958033,0.012399999999999523,0.0202,0.0234,0.0191
1707822285.7,-10.535477346538448,2.885176382194998,0.011799999999993815,0.0202,0.0234,0.0191
1707822285.8,-10.534225984251005,2.872229635704796,0.012500000000002842,0.0202,0.0234,0.0191
1707822285.9,-10.534025287333524,2.8582405211027013,0.014099999999999113,0.0202,0.0234,0.0191
1707822286.0,-10.533692201009181,2.8432535329510564,0.016000000000005343,0.025,0.0288,0.0222
1707822286.1,-10.532924623694138,2.82698277367816,0.017799999999994043,0.0189,0.0246,0.0184
1707822286.2,-10.530849348016579,2.8101657977794487,0.018799999999998818,0.0189,0.0246,0.0184
1707822286.3,-10.527527639393753,2.793239802171232,0.019000000000005457,0.0189,0.0246,0.0184
1707822286.4,-10.523506660854519,2.7761703005071316,0.018900000000002137,0.0189,0.0246,0.0184
1707822286.5,-10.518515295387555,2.7587792996772413,0.018000000000000682,0.0189,0.0246,0.0184
1707822286.6,-10.512689453726376,2.740847645722485,0.01649999999999352,0.0189,0.0246,0.0184
1707822286.7,-10.506674182295535,2.7220571760208236,0.014799999999993929,0.0189,0.0246,0.0184
