time,east,north,up
1707822196.8,-0.04473514212034507,0.057479736410106605,-0.12122389513642581
1707822196.9,-0.0461503865732761,0.05989645078013434,-0.11986109522883145
1707822197.0,-0.04698503408362452,0.059596753145116796,-0.11992277528134475
1707822197.1,-0.04784023467744378,0.06075404067327531,-0.11834743456470087
1707822197.2,-0.04808237546048939,0.058896612996833186,-0.11887601470099102
1707822197.3,-0.050992124482031324,0.06394691007632843,-0.11788842065193558
1707822197.4,-0.050408169971724336,0.06102848765462822,-0.1197982216939382
1707822197.5,-0.05052820343185213,0.06089727953753808,-0.12058376811664784
1707822197.6,-0.05285068395048721,0.06520772477695636,-0.1187364038421851
1707822197.7,-0.052303085607830466,0.06563918506055987,-0.1203755934430076
1707822197.8,-0.05524195025424238,0.07355228334943498,-0.11726380654160716
1707822197.9,-0.04607924445127978,0.05055014088180579,-0.12272530957575942
1707822198.0,-0.05577529410179897,0.07110719430589564,-0.11974961870753328
1707822198.1,-0.05300110319697897,0.06345532895134906,-0.11960894691522606
1707822198.2,-0.05288739596251161,0.06232516054017928,-0.11827782223115108
1707822198.3,-0.05485402117488368,0.0669215123429792,-0.11927891246953662
1707822198.4,-0.057179485550097386,0.06902101772854352,-0.11827648398451071
1707822198.5,-0.06117087795257629,0.0732960714198841,-0.11554310340044704
1707822198.6,-0.05052932901408006,0.05370375247274671,-0.12008749237314854
1707822198.7,-0.05710002040227641,0.0658244287300289,-0.11906583376663736
1707822198.8,-0.055718958202528264,0.06350019800786463,-0.11886943629739696
1707822198.9,-0.059489866751604836,0.07218082925946584,-0.11658795671661677
1707822199.0,-0.0597569513878287,0.07068454281803369,-0.1185360049881638
1707822199.1,-0.07606528516535904,0.09451886555567296,-0.11446124461258518
1707822199.2,-0.09495834277883039,0.1266376618066693,-0.10800527318831424
1707822199.3,-0.07676094737813599,0.09528444229814828,-0.11473662783466182
1707822199.4,-0.0809165787540831,0.09856919364055626,-0.10902249355821
1707822199.5,-0.08481256254143141,0.10536516242585173,-0.10850299652696702
1707822199.6,-0.07815804386676428,0.09278968734541818,-0.11286523755599343
1707822199.7,-0.0676170249756705,0.07602591485418095,-0.11487038640427816
1707822199.8,-0.05733113246068454,0.06056578661079891,-0.11848074885629596
1707822199.9,-0.05897184173089512,0.06466360804488906,-0.11817893182841266
1707822200.0,-0.058477180901875925,0.062378038232980895,-0.11983368284443115
1707822200.1,-0.06996334926096978,0.08193295965843189,-0.11638186678064565
1707822200.2,-0.063741586347669,0.07221399290706533,-0.11802034651418625
1707822200.3,-0.06058203961515036,0.0682621347600591,-0.11823166344048136
1707822200.4,-0.06486995045819302,0.07406837511064772,-0.11822382947268811
1707822200.5,-0.06696341113703426,0.07780137180867785,-0.11588931629659818
1707822200.6,-0.06283941776710343,0.06929060152728125,-0.11705128112961652
1707822200.7,-0.07491781940392306,0.08645348588268169,-0.11476650619755857
1707822200.8,-0.06903224029328411,0.07614147213292034,-0.11671267889973791
1707822200.9,-0.07122706358221848,0.07722176730878509,-0.11655769266167129
1707822201.0,-0.06874621693194106,0.0757085892483462,-0.1169967046550624
1707822201.1,-0.07596519914229871,0.08804513794535505,-0.11546234573147321
1707822201.2,-0.08375820281266738,0.09776817505707716,-0.11204664264610714
1707822201.3,-0.0787387779456144,0.09020443993859745,-0.11393234649891998
1707822201.4,-0.12435739553394397,0.15319777516532396,-0.09881489892922413
1707822201.5,-0.807834396352227,1.0861393636673327,0.11632476375786596
1707822201.6,-1.2584957475720342,1.6482812959464022,0.08701331548936815
1707822201.7,-1.4073406737488652,1.7926153367549749,0.04206134535555654
1707822201.8,-1.4472920365824304,1.8277524725916559,0.049332767387529654
1707822201.9,-1.4471778736813972,1.8273255989527875,0.048351210873512546
1707822202.0,-1.4477990464667831,1.8277018128791653,0.04895551171108304
1707822202.1,-1.447352352675939,1.8271373082375342,0.04798289005904082
1707822202.2,-1.4495860966287075,1.8286697689598208,0.048758099891702156
1707822202.3,-1.452937183711358,1.83037676072679,0.049232160434611406
1707822202.4,-1.4534870910082325,1.8300084545912776,0.04694884019781008
1707822202.5,-1.4534114014438089,1.8299875812349258,0.04895402715217224
1707822202.6,-1.4568259665891317,1.8116354660339598,0.03654485944031746
1707822202.7,-1.4545833157716768,1.829294034731457,0.04874165442793665
1707822202.8,-1.4557393145840818,1.8292863229024774,0.05007637264220509
1707822202.9,-1.7379541195949073,2.100457940782649,0.12163588118199142
1707822203.0,-1.8510023084867122,2.126871591631414,0.0889610405849568
1707822203.1,-1.8713877145404072,2.170047094417903,0.0799697547744114
1707822203.2,-1.8662205577162871,2.1690897676652994,0.07858197718905321
1707822203.3,-1.8812633216457673,2.1787596778350764,0.07992208427056102
1707822203.4,-2.051535851320371,2.246820538576196,0.09896711149505615
1707822203.5,-2.052692771635355,2.246755894094804,0.09920158282282772
1707822203.6,-2.0604556790320396,2.250678634279391,0.10046169251619035
1707822203.7,-2.06655828474454,2.2546189991367678,0.10219304043992565
1707822203.8,-2.0911327479428983,2.2754787964823966,0.10710147973125078
1707822203.9,-1.9009229613618985,2.184788230735484,0.08452443833949583
1707822204.0,-1.9522380572207232,2.225101340703998,0.09564160723454584
1707822204.1,-2.259450725373129,2.390597962159874,0.1462344857343121
1707822204.2,-2.2971823473149153,2.4156378341368194,0.15555136808900633
1707822204.3,-2.3080794343175493,2.4238996763843406,0.15867895840113644
1707822204.4,-2.33655231197004,2.4425835353661673,0.16558584322163253
1707822204.5,-2.405565440986912,2.4574683197614116,0.12128089832908848
1707822204.6,-2.4107578872161533,2.4615556325702026,0.12177907505809675
1707822204.7,-2.4158298302692844,2.46511368794987,0.12249307847708664
1707822204.8,-2.4188702067090095,2.466304504817289,0.12283301235606135
1707822204.9,-2.4777722800399333,2.512686492565431,0.13222755852520857
1707822205.0,-2.500859366459134,2.530493642817966,0.1360835709419056
1707822205.1,-2.519036890395077,2.53915257270921,0.14035868452310835
1707822205.2,-2.6348412913057375,2.554979096158763,0.12690951749236218
1707822205.3,-2.6785744076261246,2.5683826862404526,0.12969741686413594
1707822205.4,-2.7227438132391435,2.580764819383759,0.13670682300321546
1707822205.5,-2.7438428381793867,2.587287145423194,0.1386824379992367
1707822205.6,-2.7466523272175154,2.5881666501982497,0.13882624777040117
1707822205.7,-2.8354530125084882,2.6142891135959716,0.1457763911510015
1707822205.8,-2.8329910417712023,2.6124685460946293,0.14604338141161177
1707822205.9,-2.8268603080104917,2.6100233972926503,0.14541615215450115
1707822206.0,-2.8717874707272957,2.6271667255913047,0.1517255668410357
1707822206.1,-2.898918855810775,2.6347208277015475,0.15623706314877786
1707822206.2,-2.9218549652692754,2.6412618175331843,0.1597877194007648
1707822206.3,-2.9548341170476657,2.6494359151173605,0.1595095168310019
1707822206.4,-2.9968400555328314,2.6616632448618724,0.16523493734435923
1707822206.5,-3.0217967656853535,2.6691573681357497,0.17007702216919457
1707822206.6,-3.0647611388972567,2.670743284381581,0.1699715455771077
1707822206.7,-3.081636402198347,2.6723076460969195,0.17221532692859626
1707822206.8,-3.091898487830569,2.673670116323083,0.17357823811252773
1707822206.9,-3.1500629310767345,2.685290771214802,0.18346389036087213
1707822207.0,-3.17520908586151,2.6894938032431335,0.1874308552836909
1707822207.1,-3.185780757678522,2.6916185228560177,0.1890784357721058
1707822207.2,-3.196050124459498,2.692312106801552,0.19012037874676738
1707822207.3,-3.261961342059727,2.678328318183896,0.18175458337717842
1707822207.4,-3.294785858543495,2.672704807714616,0.1822352206778119
1707822207.5,-3.3305136759034553,2.6711661348400257,0.1798801499349169
1707822207.6,-3.3686385303840463,2.666084667745015,0.18330005896899887
1707822207.7,-3.3919229841095864,2.6618200284170563,0.17938958095667135
1707822207.8,-3.4271990787158884,2.6585614891114986,0.18144038358732512
1707822207.9,-3.454995405679753,2.654251888663637,0.18215713500941627
1707822208.0,-3.487234287215052,2.647888057563084,0.18229577613725942
1707822208.1,-3.51309941268825,2.6437060218020823,0.18473899193163948
1707822208.2,-3.524399072588085,2.6406824272489904,0.18523611394824036
1707822208.3,-3.57424606533326,2.629797402359739,0.18506184514036061
1707822208.4,-3.5938227313095883,2.6240514926308673,0.1855454872442046
1707822208.5,-3.6365590305016036,2.617675056533088,0.18904088585768816
1707822208.6,-3.6608968280824614,2.6141794838254757,0.18943575197226528
1707822208.7,-3.696606327355771,2.6143767993909135,0.18787831147580564
1707822208.8,-3.7107137809451096,2.609025122491041,0.18899772628600403
1707822208.9,-3.7490341201712574,2.5924544977847455,0.18672164764977606
1707822209.0,-3.7705555261412615,2.5839937434430733,0.1872094134714799
1707822209.1,-3.8061416519604716,2.5803139438322407,0.18972090460718952
1707822209.2,-3.828525873374274,2.5756430852588132,0.18494618959744663
1707822209.3,-3.8576131820857906,2.563266684841032,0.18419836833005027
1707822209.4,-3.890678273619085,2.5560183410101347,0.18374865204145385
1707822209.5,-3.9048448083619673,2.5500522553687452,0.18477230504940412
1707822209.6,-3.935617044200492,2.5425356029803385,0.1880696689184155
1707822209.7,-3.944596067265882,2.540388210036938,0.18980787071677396
1707822209.8,-3.990441502100588,2.5251922235661106,0.1881405489593694
1707822209.9,-4.009449804174542,2.514427820249118,0.19221132294807441
1707822210.0,-4.0306154000323655,2.5085806410395786,0.19088754316491957
1707822210.1,-4.065017219261581,2.5072698427694164,0.18534989833002918
1707822210.2,-4.085106378025533,2.497875750176671,0.18516626767831876
1707822210.3,-4.119343185778333,2.491000481135419,0.18252673709363704
1707822210.4,-4.152457298148225,2.466006780643301,0.18273957093792823
1707822210.5,-4.16216854955703,2.4633735046007326,0.18323219935232304
1707822210.6,-4.180287999987171,2.460374697389741,0.18528539108795716
1707822210.7,-4.212234751717896,2.4552966034808468,0.18951167875510166
1707822210.8,-4.24187545279746,2.450970616951631,0.19247245291975884
1707822210.9,-4.260656102206334,2.448593333734187,0.19300888215604156
1707822211.0,-4.279328698719192,2.444581388319389,0.1947811691558343
1707822211.1,-4.315400467333936,2.4228611983146355,0.18519718256552853
1707822211.2,-4.330343723649707,2.4122403765656193,0.18618535440569825
1707822211.3,-4.353435401736577,2.404957146657061,0.18948154065596579
1707822211.4,-4.39127093246265,2.3829657105402884,0.18507688767034308
1707822211.5,-4.407414650329505,2.372464724428265,0.17458546978865808
1707822211.6,-4.431504318339122,2.3845261627162984,0.18674873963281505
1707822211.7,-4.438230468574461,2.3826058291109176,0.18872708789813708
1707822211.8,-4.451836703075213,2.373136459519033,0.1906995131883024
1707822211.9,-4.477532425860259,2.358402037099775,0.1916051591723655
1707822212.0,-4.5056152947028085,2.3499514612010683,0.192618999876412
1707822212.1,-4.543159884857447,2.339538025418688,0.18736827782797338
1707822212.2,-4.550057868106307,2.337450968811301,0.18702161815228363
1707822212.3,-4.584391394663394,2.324596915706087,0.19224297888769426
1707822212.4,-4.6068035502989,2.3174732208399025,0.18967821376035265
1707822212.5,-4.626432776925536,2.310354244963508,0.18879331028917473
1707822212.6,-4.652603002733166,2.298636607839525,0.1886930819056199
1707822212.7,-4.666875056719884,2.2921787202218837,0.18911058698610506
1707822212.8,-4.693616048352949,2.2873650247856534,0.19207118830403339
1707822212.9,-4.7085738922442655,2.283575338997558,0.19458378572433577
1707822213.0,-4.733015537871257,2.277607132356623,0.19287728934170945
1707822213.1,-4.759155321502046,2.258399586065582,0.1955288433100701
1707822213.2,-4.7858005442792955,2.2423702270947823,0.1967867155966872
1707822213.3,-4.806877170178407,2.2283167359279057,0.19875462207617606
1707822213.4,-4.826153087581636,2.2167685141101927,0.20138987350102167
1707822213.5,-4.835624620754523,2.2113569864215035,0.20257822827472277
1707822213.6,-4.872184008626313,2.1914919851232617,0.1981631394380971
1707822213.7,-4.89074536150145,2.1794740144014693,0.20081385379736666
1707822213.8,-4.9324379447750815,2.170544074720083,0.18916871833589838
1707822213.9,-4.95299255566535,2.1586713292278814,0.18869031476088977
1707822214.0,-4.976368028021131,2.1447835494582175,0.18682765378200317
1707822214.1,-4.9953143516695695,2.1342034693508025,0.18627652574554604
1707822214.2,-5.02212701067876,2.1176376038675704,0.18623387488220922
1707822214.3,-5.031958734916612,2.112868045205394,0.18671914820045055
1707822214.4,-5.062528928564447,2.1015823223401164,0.18864489206322488
1707822214.5,-5.082001845582053,2.08626604178088,0.18027669135810886
1707822214.6,-5.1096353768559375,2.064610306055471,0.18305141240333295
1707822214.7,-5.130803314149518,2.053770041934754,0.18646938086416626
1707822214.8,-5.1490701992160925,2.045395435815428,0.18362279176660018
1707822214.9,-5.168552879603535,2.032779811614036,0.1818378922699915
1707822215.0,-5.18802824487498,2.0228847007576203,0.18340710799414922
1707822215.1,-5.208261607731528,2.0137265487126985,0.18378841858857659
1707822215.2,-5.227783057119195,2.0050493549952844,0.18298998129417765
1707822215.3,-5.238335399453449,2.0002088114001144,0.18242786347156115
1707822215.4,-5.254672512108397,1.991396359780002,0.18183551644962803
1707822215.5,-5.2842353537870626,1.9608870812331618,0.180222549836822
1707822215.6,-5.305745992376416,1.9497385607682378,0.1802237068632025
1707822215.7,-5.320159287914018,1.9374011499172539,0.18054334606949551
1707822215.8,-5.35032802509889,1.9190664977453094,0.17665333993800775
1707822215.9,-5.358792827243924,1.9106166899094128,0.17701470651023313
1707822216.0,-5.378921534071267,1.897742707238106,0.1763942454376557
1707822216.1,-5.38779857998365,1.8868140513279077,0.17727092794945612
1707822216.2,-5.406655074125131,1.8767057650025325,0.1783460163271079
1707822216.3,-5.429604843215565,1.8676141066500147,0.17526775056226643
1707822216.4,-5.455169375079757,1.8550439412496178,0.17458093079867562
1707822216.5,-5.472894655325455,1.8401649634263397,0.172005027725674
1707822216.6,-5.480869956512334,1.8389199875243958,0.17400466296583933
1707822216.7,-5.509434545065361,1.8142173623401343,0.17576353482275464
1707822216.8,-5.526229772973739,1.8035450051247799,0.17257453759920754
1707822216.9,-5.538673788570652,1.7923033393263912,0.17161189711259717
1707822217.0,-5.562629545392833,1.771891505721278,0.17266337544029806
1707822217.1,-5.571364356191909,1.7657346719456448,0.17249310603469348
1707822217.2,-5.592528355500238,1.754764571742683,0.17119253555424002
1707822217.3,-5.605689054785689,1.7451625114866198,0.17068038463818747
1707822217.4,-5.623656230006527,1.7335751986456431,0.1725587622766503
1707822217.5,-5.638096971401911,1.7207982470850531,0.17141576208889386
1707822217.6,-5.662720364878009,1.708644101625734,0.17028541681355794
1707822217.7,-5.674193636743298,1.6970998521976568,0.1720490073141352
1707822217.8,-5.675452256468903,1.696581902763153,0.1726639779093715
1707822217.9,-5.67611333371245,1.6958058789699524,0.17212887325199006
1707822218.0,-5.678711950533851,1.694422198762176,0.17256008508079052
1707822218.1,-5.6806434420388845,1.6931652964447719,0.1728815890626153
1707822218.2,-5.680503037881858,1.6936687918621676,0.1726923534926434
1707822218.3,-5.681003094649699,1.6933433590009122,0.17246370087828927
1707822218.4,-5.682049051015962,1.6927895708842757,0.17295684338883022
1707822218.5,-5.788026397203547,1.6110659782611156,0.16995334460263145
1707822218.6,-5.7896176251768665,1.6104667062664804,0.17034388582812873
1707822218.7,-5.853918645525764,1.5573415316316555,0.17106134731457107
1707822218.8,-5.885915951558141,1.5370720634822164,0.16535619968229306
1707822218.9,-5.892038838263417,1.5319684117105128,0.16768143959572301
1707822219.0,-5.904670365955779,1.5153979228049166,0.16963013846086133
1707822219.1,-5.8824534557475685,1.5434904301215315,0.1702356058014486
1707822219.2,-5.89466240179582,1.5358150298662663,0.170359230741843
1707822219.3,-5.915638477900323,1.5146268334800617,0.16642118764392494
1707822219.4,-5.925423806529972,1.5069768512938015,0.165865953423384
1707822219.5,-5.941653126276004,1.4905501207602527,0.16353284480509428
1707822219.6,-5.9542507722601705,1.4792834550947407,0.1637563663121881
1707822219.7,-5.9737348662679395,1.4604575380255982,0.16374132436691952
1707822219.8,-5.985333796238891,1.449697159211685,0.1652838710191643
1707822219.9,-5.998267977674675,1.4351898037576964,0.16453594587188997
1707822220.0,-6.01175147769974,1.4260269425698364,0.1673290345275884
1707822220.1,-6.03056356623643,1.4103825817282338,0.16435465000837707
1707822220.2,-6.040212068468418,1.394115138248497,0.1630721075329065
1707822220.3,-6.056119132900928,1.3797668711893398,0.16232196118892014
1707822220.4,-6.0699319093544615,1.3681994775443427,0.16218967437704615
1707822220.5,-6.086331585908317,1.351085433713047,0.16043040036974698
1707822220.6,-6.088381363429962,1.3449415875831656,0.1609584857867746
1707822220.7,-6.093876101374742,1.3403139666164468,0.16074667531078207
1707822220.8,-6.095306124148583,1.338643863497866,0.1608342383960299
1707822220.9,-6.112963599163841,1.31478174922078,0.15803285063643907
1707822221.0,-6.130172276866003,1.2922704708413146,0.15728279189825778
1707822221.1,-6.145596921241614,1.2702803545566135,0.1579341019991564
1707822221.2,-6.150166975578961,1.2656966408598505,0.15795670487350733
1707822221.3,-6.164733489288304,1.2497485254657719,0.15713899273452042
1707822221.4,-6.1752075911428,1.2391980737854544,0.1559464985606197
1707822221.5,-6.201106239931954,1.2060882748574742,0.15670499049047878
1707822221.6,-6.207002732824153,1.201032096018971,0.1570617893556162
1707822221.7,-6.208421595389439,1.1988881096172928,0.15728696251937818
1707822221.8,-6.218061661765936,1.1883507656801593,0.15568604292843327
1707822221.9,-6.239581560633268,1.1710196580860666,0.15088174727221615
1707822222.0,-6.239782111780177,1.1709781074239012,0.15045158386877622
1707822222.1,-6.247533970045561,1.16320249887505,0.15020331750421073
1707822222.2,-6.2481137858956535,1.1628725292061353,0.14972261384111854
1707822222.3,-6.246170469696326,1.1635282443065516,0.15034163129563805
1707822222.4,-6.252614010380505,1.156781739757335,0.14943414805202898
1707822222.5,-6.274891122547543,1.1316434472665455,0.14815614489172813
1707822222.6,-6.290732066273668,1.1044979451893393,0.14673444270144137
1707822222.7,-6.298549274269805,1.0958388546650146,0.14718663048299832
1707822222.8,-6.317858954031373,1.0666702614303651,0.1514298193989968
1707822222.9,-6.320776995755428,1.0623168768751003,0.15155911610784506
1707822223.0,-6.318919171635466,1.063515347780332,0.15204435457384538
1707822223.1,-6.3391503625075165,1.0327012622430736,0.15068703312440218
1707822223.2,-6.340805477271503,1.0292979080265703,0.15067019579036878
1707822223.3,-6.362931594033018,0.9902929318969771,0.1445357277237448
1707822223.4,-6.37840588889802,0.9675125725294097,0.14206070489837946
1707822223.5,-6.387665990887424,0.9532555454746628,0.1404642369304513
1707822223.6,-6.395290228307515,0.9405170066819887,0.1390588558828351
1707822223.7,-6.406782187593598,0.9258283559719223,0.1384292846169477
1707822223.8,-6.412487670012058,0.9093324560670561,0.13909781788848918
1707822223.9,-6.431760885398858,0.8764348452400569,0.13626668946672937
1707822224.0,-6.4345185746194415,0.8717962038080288,0.1361074187795573
1707822224.1,-6.436050210888095,0.8690260892209268,0.1361895954589775
1707822224.2,-6.439261642316394,0.8643830965857656,0.1360510577093601
1707822224.3,-6.440062651137762,0.8614563433273716,0.1354792468205675
1707822224.4,-6.444180378758209,0.8546504167866488,0.1349042824459035
1707822224.5,-6.449053939302771,0.8468296928051786,0.13404301830569768
1707822224.6,-6.44667597128924,0.8488644628144949,0.13396101671357152
1707822224.7,-6.447984423263128,0.8450204029088424,0.1345321009819782
1707822224.8,-6.44922499261069,0.8431542388869302,0.1336897499296148
1707822224.9,-6.448120557755572,0.8432207682553613,0.1339569293898229
1707822225.0,-6.454710151929908,0.8306355841964234,0.13362648576842168
1707822225.1,-6.473827803926733,0.7751370561386471,0.1434266021989609
1707822225.2,-6.492004660302791,0.7229398424338259,0.13530507882033999
1707822225.3,-6.496712739878537,0.714323560482941,0.13483252731921153
1707822225.4,-6.495126488512245,0.7124495014592822,0.1345572587301632
1707822225.5,-6.4940944830493,0.7123143257428055,0.1349637942430108
1707822225.6,-6.498781878759277,0.697873938586327,0.1326363754585657
1707822225.7,-6.499230948143617,0.6963319719127563,0.13286391773821565
1707822225.8,-6.497168169338854,0.6980764550118042,0.1327024504538311
1707822225.9,-6.49997073995419,0.6910352911518838,0.13216685897714323
1707822226.0,-6.50241956456885,0.6861961787710166,0.13154707177446645
1707822226.1,-6.506500669690654,0.6781714503915591,0.13135829732254686
1707822226.2,-6.514560698284884,0.6535160361841975,0.12883050034245502
1707822226.3,-6.514654861477393,0.6531147621475581,0.128486596707582
1707822226.4,-6.556892641937554,0.5388488708471135,0.11848060262152506
1707822226.5,-6.5583679526849865,0.5345447562958254,0.11832859604687362
1707822226.6,-6.560501499174094,0.5281139245322839,0.11820820844426762
1707822226.7,-6.561392776127895,0.5263337313808915,0.11762161190860987
1707822226.8,-6.56192287677823,0.5224055108176573,0.11736483627424728
1707822226.9,-6.5638780982603535,0.5181726198508467,0.11649398365139216
1707822227.0,-6.56420428797713,0.5156473335910237,0.11661424905323979
1707822227.1,-6.565974958861056,0.510725874346504,0.11588230808297345
1707822227.2,-6.5652758812966585,0.5095915587012966,0.11586638880495335
1707822227.3,-6.583220875016051,0.4390984958133851,0.10995865591119737
1707822227.4,-6.583250269848391,0.42745035466775855,0.1096077670985293
1707822227.5,-6.584592547749364,0.42159787038110574,0.10890135499487881
1707822227.6,-6.585694481499545,0.4186969197223883,0.1087377049042843
1707822227.7,-6.58816216589926,0.4127393901812248,0.10848803774892239
1707822227.8,-6.591911567816007,0.3969518363089131,0.10663085850498781
1707822227.9,-6.597505067467016,0.361289357194767,0.10058214668923669
1707822228.0,-6.5957313748909066,0.35514715216898873,0.09924234498589733
1707822228.1,-6.596187986143889,0.3532338110556612,0.0992981795859998
1707822228.2,-6.603360524913235,0.3422898833451425,0.0992676260881958
1707822228.3,-6.603169951979808,0.3412516540519999,0.09983335644910252
1707822228.4,-6.605474675145692,0.3310417557341881,0.1005574211665766
1707822228.5,-6.60464895961115,0.33034458802628114,0.10019058746367603
1707822228.6,-6.606542241753026,0.3179506936430202,0.1004709778071546
1707822228.7,-6.608192403315215,0.30782521890342024,0.10053286519672676
1707822228.8,-6.611376229716242,0.28591558434034986,0.09849560035946164
1707822228.9,-6.613567042012233,0.27741743395933804,0.09844664207949595
1707822229.0,-6.6178127196353635,0.22246140552215968,0.0905945455402416
1707822229.1,-6.618438358420523,0.2220717149367849,0.09100141100725502
1707822229.2,-6.634504951709076,0.15864868033928617,0.08604698117595898
1707822229.3,-6.634470088957974,0.1551665581043596,0.08655163841776704
1707822229.4,-6.633805417752895,0.15060693358643168,0.08596960585225302
1707822229.5,-6.634832109465354,0.14504690373518997,0.08617405645496784
1707822229.6,-6.639359443438186,0.11961397238985175,0.0828726555097632
1707822229.7,-6.639670410106667,0.11708594910224933,0.082122601810886
1707822229.8,-6.6334881218620385,0.1292148399714171,0.09407031374434553
1707822229.9,-6.633093580635519,0.1266934623120767,0.09452631597396134
1707822230.0,-6.633359694950176,0.12278418870049303,0.09502618660712953
1707822230.1,-6.632171230908599,0.11679648773574239,0.09344931537882048
1707822230.2,-6.631452783751177,0.11398697196868697,0.09381044729872062
1707822230.3,-6.633439985998352,0.10123865110553601,0.09292151774104822
1707822230.4,-6.634194897500044,0.09531315765447897,0.09182487825394658
1707822230.5,-6.63185072152324,0.09648406544906546,0.09325668442707687
1707822230.6,-6.631557202823994,0.093248533459609,0.09293379842335392
1707822230.7,-6.631400522367471,0.09205143568716652,0.09291490177547027
1707822230.8,-6.632086520567115,0.08768652390245354,0.09349614053500642
1707822230.9,-6.631319725387543,0.08721329088897058,0.09381559786062588
1707822231.0,-6.630995473587686,0.08617928036748816,0.09371262618705878
1707822231.1,-6.631282637348737,0.08183377832049933,0.09375036251619512
1707822231.2,-6.634949880942473,0.013696384895760201,0.08445418001869255
1707822231.3,-6.634821418341849,0.01236366010039611,0.08445009339449656
1707822231.4,-6.634918703441507,0.007733382287635992,0.08462831448170839
1707822231.5,-6.633431360567089,-0.005174777136870253,0.08181670671929424
1707822231.6,-6.633268972057407,-0.009585774955147251,0.08189339727509809
1707822231.7,-6.633576293417664,-0.011992916605453277,0.0820034877570828
1707822231.8,-6.633668224363241,-0.016434756391085794,0.08203761696988969
1707822231.9,-6.6330662412321955,-0.01781501928779765,0.0824243092053295
1707822232.0,-6.632601405347711,-0.019111633928887095,0.08290987586647865
1707822232.1,-6.630180722563089,-0.05826536338265917,0.08104835535355964
1707822232.2,-6.633509811008369,-0.09232105129767008,0.07514920872371537
1707822232.3,-6.632864867395587,-0.08997615607798078,0.07524514897808447
1707822232.4,-6.632749325599421,-0.1057678235714824,0.0733139621925847
1707822232.5,-6.633558970822147,-0.1101621710154826,0.07297919233939523
1707822232.6,-6.633760164906449,-0.11154383738581974,0.07322851847796405
1707822232.7,-6.622815375884379,-0.14278309753165014,0.06820733134352056
1707822232.8,-6.626852520755116,-0.14651578469351137,0.07221626341480515
1707822232.9,-6.626466527401982,-0.14649124647015593,0.0721689486541151
1707822233.0,-6.627157298119946,-0.15319207987080732,0.0725012075847053
1707822233.1,-6.627081218297318,-0.15751836323618923,0.07298312943802955
1707822233.2,-6.628323398704277,-0.16472175279112028,0.07375347965201078
1707822233.3,-6.6274734287095995,-0.16463917996977231,0.07388406040350765
1707822233.4,-6.627687688626538,-0.1714392418276241,0.07398706003269193
1707822233.5,-6.627079309187049,-0.17031335665322586,0.07401058986891734
1707822233.6,-6.628205413087985,-0.17476783101036586,0.07376359415436107
1707822233.7,-6.627915115588111,-0.17708716010592696,0.07336278479609704
1707822233.8,-6.627921653287315,-0.1781032216552742,0.07333039638395734
1707822233.9,-6.627941599161381,-0.1819179841818401,0.07337854971667215
1707822234.0,-6.627607400626649,-0.18019954410630887,0.07349557541680225
1707822234.1,-6.627681857706718,-0.18413176864585581,0.07386988358618686
1707822234.2,-6.627297674300674,-0.1865974963575668,0.07363326937219686
1707822234.3,-6.625736018895174,-0.1922450421194611,0.07465072285114922
1707822234.4,-6.624967119153593,-0.1945666853420908,0.07493107330198691
1707822234.5,-6.61150582005749,-0.22446764600375338,0.07572159500911113
1707822234.6,-6.611574181347929,-0.2286753259616057,0.07565093018170403
1707822234.7,-6.611514049938232,-0.2258880715482964,0.07590209572087178
1707822234.8,-6.610895901807758,-0.2338627108729224,0.0706928238542387
1707822234.9,-6.610738644439301,-0.23346586742312064,0.0711980522564507
1707822235.0,-6.610755230634169,-0.23583455813882206,0.07103093491029801
1707822235.1,-6.611103810369583,-0.2375058754846871,0.07144318673328033
1707822235.2,-6.610411037312629,-0.24246290172671903,0.0715643214917122
1707822235.3,-6.610673347724329,-0.23777487218205512,0.07136712010987363
1707822235.4,-6.607813745818811,-0.2457023867547202,0.07134135816012646
1707822235.5,-6.606287691879363,-0.24765947096494723,0.07226768805930502
1707822235.6,-6.604380300937915,-0.25841415658593186,0.07203426313330738
1707822235.7,-6.591069425463524,-0.3769522548399,0.054223427401788954
1707822235.8,-6.591945108646913,-0.3792898956473037,0.05434205990692868
1707822235.9,-6.59079968781068,-0.38093691812403063,0.053915260105415044
1707822236.0,-6.589904965875228,-0.38046316959011206,0.05386611771316821
1707822236.1,-6.590590445051368,-0.3867623407663465,0.053819748956729016
1707822236.2,-6.590513399520917,-0.383176224715778,0.05366775799339159
1707822236.3,-6.590992487650522,-0.3832568226212486,0.053259582453088095
1707822236.4,-6.589261342438246,-0.3835724612900072,0.05365721739110198
1707822236.5,-6.588663571247703,-0.38623993770214304,0.053873725674893694
1707822236.6,-6.584747354821847,-0.40354089433212803,0.053474152072043674
1707822236.7,-6.584808886840344,-0.4054779417286392,0.05410958848013252
1707822236.8,-6.583625757384377,-0.4079271247278109,0.05418675283768318
1707822236.9,-6.582519458545213,-0.4147154380951133,0.054795466554698566
1707822237.0,-6.571776559725942,-0.43849766720502165,0.05497616836627153
1707822237.1,-6.568989962155786,-0.4449191389469997,0.054271156173662516
1707822237.2,-6.567341907579977,-0.4485830062992908,0.053910158157181656
1707822237.3,-6.566687373788265,-0.44878180954470887,0.053178775113972565
1707822237.4,-6.566139195322989,-0.45080893044791565,0.05275279289630461
1707822237.5,-6.565760273295675,-0.4517033494566864,0.053712020406038785
1707822237.6,-6.565609628593633,-0.4505936846830853,0.05358603760292899
1707822237.7,-6.55649076676442,-0.4747568909315813,0.048811051845390974
1707822237.8,-6.554173053195286,-0.4809219099612505,0.04994505591573997
1707822237.9,-6.554770930600136,-0.4793136492892939,0.049605409819676004
1707822238.0,-6.539510290933327,-0.5363972560240895,0.04630463624812598
1707822238.1,-6.537837150200637,-0.5412067882782952,0.0452531277159199
1707822238.2,-6.534125974086384,-0.5484622435141429,0.04390850132084615
1707822238.3,-6.531784164110576,-0.5516173390139207,0.04234284686120811
1707822238.4,-6.531348225207305,-0.5538081500840937,0.04285979691096892
1707822238.5,-6.52758420163746,-0.5552356030126544,0.04125004143612375
1707822238.6,-6.526012834847523,-0.5600852197682019,0.04164188814918182
1707822238.7,-6.522386673079245,-0.5687961402939551,0.043658644608343705
1707822238.8,-6.513372532479099,-0.5762836335982885,0.0426302655181187
1707822238.9,-6.514949499016648,-0.5719496452748867,0.043092511949252885
1707822239.0,-6.511110023209006,-0.5757858083770573,0.0442590956192378
1707822239.1,-6.504620593557606,-0.584752482305902,0.04712028674424292
1707822239.2,-6.5006371275699495,-0.5934553118574578,0.04918364991585756
1707822239.3,-6.501583892340327,-0.5911371452995429,0.04672949797726251
1707822239.4,-6.497291236799251,-0.5951705985829742,0.048837722059934946
1707822239.5,-6.486653616149297,-0.611370827349549,0.05259411635581633
1707822239.6,-6.487538969354353,-0.6115403620677237,0.05395713750903845
1707822239.7,-6.48889272461538,-0.6158550264114068,0.050110234317572375
1707822239.8,-6.482955358297698,-0.6259613465519867,0.05136420531822736
1707822239.9,-6.488087292433498,-0.6152978382876166,0.05081052198654272
1707822240.0,-6.486030375744741,-0.6160929129743506,0.045163298828271886
1707822240.1,-6.47728396397654,-0.6369632404314656,0.04813530728707955
1707822240.2,-6.473931256677559,-0.640059844829813,0.04784312544299498
1707822240.3,-6.470986875666067,-0.6440806619674635,0.04887487113046296
1707822240.4,-6.4546852342216665,-0.6905459745407623,0.04716189284260861
1707822240.5,-6.460154403222634,-0.6741298586770869,0.047573194824318
1707822240.6,-6.454786706169851,-0.6802385645773384,0.047088247632958435
1707822240.7,-6.449899738124315,-0.694430489665943,0.04274157037519532
1707822240.8,-6.44564397852176,-0.6932747096486906,0.05081976275756474
1707822240.9,-6.431352263335448,-0.7182629681051715,0.05043585773099168
1707822241.0,-6.432337429139129,-0.714135379491088,0.053081092516925825
1707822241.1,-6.438769177311951,-0.703551988766043,0.04829516751738484
1707822241.2,-6.422004716485843,-0.7337244664365282,0.049526801207406546
1707822241.3,-6.413374609833398,-0.7503776370537771,0.04111361073027161
1707822241.4,-6.4160732620015715,-0.7430532738735848,0.04310191120184099
1707822241.5,-6.414004210255069,-0.7447177355540795,0.042508400375464134
1707822241.6,-6.406746026150491,-0.7555295916149549,0.044248346813519406
1707822241.7,-6.40409993747449,-0.7601408949130031,0.043931453338455856
1707822241.8,-6.4127799650752095,-0.744149596459246,0.04213329987638628
1707822241.9,-6.401026436019717,-0.7655894925488881,0.04687153466714296
1707822242.0,-6.3971846735426405,-0.7680312570505956,0.045955500186232824
1707822242.1,-6.396018218863276,-0.7702714178917069,0.042218160052488726
1707822242.2,-6.397690279718289,-0.7659100420195956,0.04404000230600384
1707822242.3,-6.359916744563862,-0.849702290115971,0.04249283323490591
1707822242.4,-6.331527089101732,-0.8869319326009674,0.007015245213596706
1707822242.5,-6.340243193915193,-0.8536173288773907,0.01921029668288829
1707822242.6,-6.334042677705727,-0.8839829864174839,0.019110028873933572
1707822242.7,-6.334564522628369,-0.8846092843338755,0.02271206709929388
1707822242.8,-6.33323260566945,-0.8937877777527246,0.02314969171817062
1707822242.9,-6.325014825822014,-0.8994424628718206,0.02522663426488233
1707822243.0,-6.330858118235202,-0.8853135367525637,0.028145353479806907
1707822243.1,-6.324169599328046,-0.9078920822362595,0.020394660497992136
1707822243.2,-6.298323316776607,-0.9379270239520008,0.018051352721566348
1707822243.3,-6.295160468199503,-0.9394569516109347,0.022562896633308356
1707822243.4,-6.3030278632617005,-0.9141132955834267,0.02136893984724384
1707822243.5,-6.30527344450625,-0.9092611246984762,0.02107720368631849
1707822243.6,-6.300394801621729,-0.9151141458627837,0.020132825475968875
1707822243.7,-6.287573003967619,-0.9332715597203963,0.01792783072797713
1707822243.8,-6.287135441348965,-0.9267709482572005,0.022017328768246885
1707822243.9,-6.281796976128843,-0.9106915756959495,0.029540498869873644
1707822244.0,-6.268382128298979,-0.9880284353746328,0.03139284900224719
1707822244.1,-6.256452292312732,-1.0027073356813327,0.028386925588068518
1707822244.2,-6.238176150686239,-1.0024079070286618,0.01597131421630233
1707822244.3,-6.230101888653728,-0.9882524008005422,0.004167319200822743
1707822244.4,-6.21957902336101,-1.0328542939458742,0.019223851747202217
1707822244.5,-6.217781036373804,-1.0329879694323338,0.01993332392579889
1707822244.6,-6.2162358793183285,-1.0337467575460622,0.018969592848665104
1707822244.7,-6.215719929212989,-1.0360371355653573,0.018519059146851147
1707822244.8,-6.212538741282093,-1.034654748519478,0.02137332135250552
1707822244.9,-6.202803587958175,-1.0417237948252465,0.02013731281879741
1707822245.0,-6.213371079666354,-1.0336557021617274,0.019886898379044865
1707822245.1,-6.21855569325838,-1.0299735842011823,0.020095644543881713
1707822245.2,-6.215428217215235,-1.007332851025385,0.015757165196648
1707822245.3,-6.196965573618784,-1.0131611438721861,0.0127392415652361
1707822245.4,-6.192218277959111,-1.0166325302093062,0.015470189026086524
1707822245.5,-6.187691211518388,-1.0166589117902185,0.015114519626671659
1707822245.6,-6.182407875524146,-1.0202522924838544,0.010120963681764975
1707822245.7,-6.180894688189806,-1.003762971773409,0.014732511927424877
1707822245.8,-6.169424098956906,-1.0455318650455023,0.02506688825842862
1707822245.9,-6.151673260752839,-1.0655466856825726,0.019158918453390232
1707822246.0,-6.158675282480427,-1.0539613169394655,0.029789760459410453
1707822246.1,-6.1613708531174485,-1.0477237032667694,0.029516109237694925
1707822246.2,-6.152498658904165,-1.0596159428166696,0.03176101880147968
1707822246.3,-6.1475101764241735,-1.0735834468862537,0.018426827938538524
1707822246.4,-6.154571864382741,-1.0711396620638745,0.020069244228335552
1707822246.5,-6.141303564738583,-1.0773467353137534,0.017848600567646943
1707822246.6,-6.1194206090944565,-1.0935728109667429,0.0220510633980745
1707822246.7,-6.121026378436772,-1.0934707034379487,0.021014679823645924
1707822246.8,-6.106522009074211,-1.1044651539715553,0.020350443989629992
1707822246.9,-6.09261480618548,-1.1113139540391574,0.022828402656562878
1707822247.0,-6.102606784139273,-1.1055684087876838,0.0193430346175838
1707822247.1,-6.102610407081752,-1.1080040263157287,0.021191698562106114
1707822247.2,-6.079524010409184,-1.1201155258219462,0.017837910706505054
1707822247.3,-6.0812373544215355,-1.1207606075865841,0.01919343081538802
1707822247.4,-6.087839397370188,-1.1236366454118332,0.03190663242325945
1707822247.5,-6.051957423335186,-1.1524794670330132,0.0319795030956272
1707822247.6,-6.064064410932229,-1.1447856786774881,0.034097448794565534
1707822247.7,-6.062071064407022,-1.1462253806753673,0.033608590908108325
1707822247.8,-6.067244289635391,-1.1284806460371444,0.01883242235258116
1707822247.9,-6.084492480949647,-1.0988223539872919,0.013759102228868288
1707822248.0,-6.075661119504176,-1.1032105973108588,0.010428013307216863
1707822248.1,-6.00425338722593,-1.196256190573376,0.00399258742016817
1707822248.2,-5.981610868555261,-1.2326029786229937,-0.0015555397225389261
1707822248.3,-5.951219783269607,-1.2691447247522953,-0.0020058309796365595
1707822248.4,-5.956500894394663,-1.2623464046197141,-0.003578351355859641
1707822248.5,-5.953764084697266,-1.271162732087722,0.0015087500372127638
1707822248.6,-5.92375966024753,-1.311848259292977,-0.003931860490612428
1707822248.7,-5.949621309201945,-1.2756164824430132,-0.0034130127455640064
1707822248.8,-5.931934462283713,-1.2921511858183898,0.0008661864989708348
1707822248.9,-5.901051841348808,-1.360311895592819,0.026583788892654975
1707822249.0,-5.8917728254297606,-1.3424867450622873,0.01014882648412889
1707822249.1,-5.896756473269683,-1.342885462198919,-0.005384359297009027
1707822249.2,-5.938729344575905,-1.2481389373543537,0.010548556882381876
1707822249.3,-5.883777341076027,-1.3499836193364472,-0.01286525748214122
1707822249.4,-5.858400734229084,-1.3620350097141127,-0.004291225660131383
1707822249.5,-5.871281507271274,-1.3719038485460933,0.023050864479911906
1707822249.6,-5.875515880581314,-1.3758157006301495,0.020766616632713633
1707822249.7,-5.85557871341809,-1.3809647065055597,0.02184302102253874
1707822249.8,-5.831177814645803,-1.4156772998106204,0.028554825224023375
1707822249.9,-5.8725802787555725,-1.3439127512702262,0.029326806994337595
1707822250.0,-5.8643801708817636,-1.337853010181059,0.03724182859054006
1707822250.1,-5.802883781594011,-1.444641741420952,0.021721909649800968
1707822250.2,-5.816257727333163,-1.414395465545907,0.015435471281197308
1707822250.3,-5.777490046044073,-1.467235281410227,-0.0065175817372164005
1707822250.4,-5.798482431117088,-1.425952693899935,0.007202085987919583
1707822250.5,-5.740030625107525,-1.5195419965074806,-0.015082179208269292
1707822250.6,-5.788343211278388,-1.4230643037354365,-0.009052332550309204
1707822250.7,-5.778009574140772,-1.4685002446880344,0.022202053369705974
1707822250.8,-5.759430996075064,-1.4577421368684893,0.004056668964061254
1707822250.9,-5.716567613169412,-1.5645834734783504,-0.007826958404174529
1707822251.0,-5.71676843522241,-1.5342212396379542,-0.037323751692042675
1707822251.1,-5.703142693551324,-1.5394436064871324,-0.05396959446852762
1707822251.2,-5.6460896565060885,-1.6472487202212196,-0.05704703561105893
1707822251.3,-5.655314280066465,-1.6365672682710137,-0.04587432660755436
1707822251.4,-5.659388899063201,-1.6359364196588417,-0.02570676034687147
1707822251.5,-5.637156392872437,-1.6649622374916908,-0.028606630922908154
1707822251.6,-5.618997625137492,-1.65291509747165,-0.0485470577389104
1707822251.7,-5.665891682931341,-1.5431334362990863,-0.009265418900570636
1707822251.8,-5.6168806937962605,-1.6311541447030056,-0.03347050833011302
1707822251.9,-5.618984196551205,-1.592404251534054,-0.054834272117656756
1707822252.0,-5.6411202677937045,-1.57735229441498,-0.03922332183293137
1707822252.1,-5.585433395590095,-1.6957650068040089,-0.04802524340020431
1707822252.2,-5.5958814772180805,-1.645200266025057,-0.04584567861698669
1707822252.3,-5.579447551922852,-1.6689183446122717,-0.03293451892793302
1707822252.4,-5.5683180687414415,-1.6847159156156397,-0.015302739531096343
1707822252.5,-5.535211952194962,-1.717316658085621,-0.03988866853387546
1707822252.6,-5.577803284110375,-1.6385397669525854,-0.017589693516298466
1707822252.7,-5.5541758795762455,-1.6778224681693499,-0.04038906951287365
1707822252.8,-5.557959599712645,-1.6611136469967633,-0.04886325183941816
1707822252.9,-5.5277594932207155,-1.7307557396163387,-0.022560913938726272
1707822253.0,-5.5644105662224685,-1.7076036545058257,-0.04294328510028503
1707822253.1,-5.5293029336247175,-1.716164119319695,-0.05081734730211287
1707822253.2,-5.526494933575597,-1.7232595389382965,-0.0357405178517043
1707822253.3,-5.525145582091732,-1.7242634205413805,-0.03528846065000191
1707822253.4,-5.519771569229287,-1.7336900299631939,-0.036116602633270455
1707822253.5,-5.518825842065898,-1.7320306569649757,-0.03447034273903485
1707822253.6,-5.52070712689752,-1.7302311464480558,-0.03383410958336446
1707822253.7,-5.474984779061191,-1.8198687785223877,-0.036498169081601056
1707822253.8,-5.490958749940318,-1.7668080897266236,-0.03524312204197528
1707822253.9,-5.468711539983235,-1.8048835053952996,-0.04180812315031907
1707822254.0,-5.444839812430575,-1.8636617422829802,-0.05431765124629571
1707822254.1,-5.423420034492991,-1.8798342036508402,-0.051388106274883806
1707822254.2,-5.432268591947595,-1.8713123971489425,-0.05954730819375232
1707822254.3,-5.4358456699389395,-1.8694649723781096,-0.051602560145708326
1707822254.4,-5.43378977304352,-1.8559322665770115,-0.04658094193145966
1707822254.5,-5.44309934531827,-1.8644330731024856,-0.05388726571117704
1707822254.6,-5.432144630111529,-1.8726304574891726,-0.06006846308401145
1707822254.7,-5.433001908607262,-1.8668018478534325,-0.05826188284368363
1707822254.8,-5.442533474034346,-1.862242928413676,-0.05578827828397635
1707822254.9,-5.4155156920111525,-1.9135972210948078,-0.059262583894000215
1707822255.0,-5.420137269893269,-1.8815939563884576,-0.05939247992087832
1707822255.1,-5.4121424937594576,-1.894136096330555,-0.06043734106006151
1707822255.2,-5.405885834134408,-1.9457536990185373,-0.08630106828339207
1707822255.3,-5.421108073478998,-1.8838281280445104,-0.06904729843230827
1707822255.4,-5.425948801316746,-1.8702699683417359,-0.07933812113857343
1707822255.5,-5.436718570671393,-1.8336175235438819,-0.08403155788178521
1707822255.6,-5.435120089444716,-1.8413312210397423,-0.07461088725890343
1707822255.7,-5.437781148594584,-1.857752756642816,-0.07369308422406441
1707822255.8,-5.426706089353235,-1.8394722845424503,-0.07548823643699831
1707822255.9,-5.424986242732493,-1.8478961077645768,-0.07532130586721572
1707822256.0,-5.425571953893746,-1.844209015719363,-0.07453423888117647
1707822256.1,-5.416444547125319,-1.8180981626234232,-0.06971462691809244
1707822256.2,-5.413581048634303,-1.8297057432271848,-0.07091814764646978
1707822256.3,-5.419444613633318,-1.8122285833766885,-0.07017327676568663
1707822256.4,-5.420821199243765,-1.811770744018615,-0.0721753031437572
1707822256.5,-5.420526681175991,-1.8133664013122395,-0.07070145982157496
1707822256.6,-5.42712437338592,-1.7977531293981233,-0.07263992892211675
1707822256.7,-5.428863268806656,-1.793101248955985,-0.07259919493595286
1707822256.8,-5.458379626669713,-1.7726583931962838,-0.07475459726464767
1707822256.9,-5.459083834589534,-1.776016821854282,-0.07553475902082737
1707822257.0,-5.460400725310541,-1.770774943141868,-0.07420490021280265
1707822257.1,-5.46573424342542,-1.754455698780602,-0.07307130566626979
1707822257.2,-5.467624546366903,-1.7546009613170395,-0.07352959537223869
1707822257.3,-5.47216604300698,-1.7403481109684271,-0.07383337320688897
1707822257.4,-5.477724606187668,-1.7280643985056547,-0.07217223509109782
1707822257.5,-5.480387338687591,-1.7215914141992599,-0.07262112221567164
1707822257.6,-5.488603019140117,-1.7013861548516378,-0.0719743930983409
1707822257.7,-5.49107368966035,-1.69589993037061,-0.07206297822860142
1707822257.8,-5.493045782264144,-1.6868674608380283,-0.07238029571409398
1707822257.9,-5.496275417996848,-1.6631611617072213,-0.07109159630604976
1707822258.0,-5.497946268415121,-1.6565145966678385,-0.07063473700433115
1707822258.1,-5.503916266583713,-1.638210422097227,-0.06972921406680119
1707822258.2,-5.5076417751198115,-1.6304264132349149,-0.07357721596399514
1707822258.3,-5.508928595206258,-1.6260728067265664,-0.07343902928574761
1707822258.4,-5.51004569064972,-1.6162969700493406,-0.07340120251241984
1707822258.5,-5.541373867181143,-1.5386627342230426,-0.05467799684332372
1707822258.6,-5.543683875924054,-1.525159104258515,-0.053795803156874676
1707822258.7,-5.547936687906306,-1.4874235366472666,-0.04843198926046048
1707822258.8,-5.551659288356753,-1.4826503522731769,-0.04966085941363027
1707822258.9,-5.554690940750889,-1.4603381405688063,-0.0488312978466066
1707822259.0,-5.573096578166338,-1.4247650505747513,-0.05006954550018175
1707822259.1,-5.5765220307134795,-1.4114421596245215,-0.04872968464573954
1707822259.2,-5.587557730206298,-1.390163453068061,-0.048231921134696265
1707822259.3,-5.597086398640424,-1.3721503521542824,-0.04575684454989301
1707822259.4,-5.60468714075946,-1.3216749689548508,-0.037754287149427884
1707822259.5,-5.610693861668608,-1.3122978585241138,-0.04027503917918615
1707822259.6,-5.625347249342577,-1.271589954010431,-0.036822096958276714
1707822259.7,-5.638721508937166,-1.2587587760103949,-0.03327372795979939
1707822259.8,-5.655257214177437,-1.2162393299335648,-0.029788132527221005
1707822259.9,-5.662912354461196,-1.200492517621322,-0.03175431248265741
1707822260.0,-5.667873570671316,-1.1922437019885967,-0.03091593384129493
1707822260.1,-5.689157412069556,-1.1617525156366362,-0.03454711479320833
1707822260.2,-5.689732365225063,-1.146678372454213,-0.033373401603654075
1707822260.3,-5.697054274636241,-1.1290707882925282,-0.034965885631619315
1707822260.4,-5.706953571243722,-1.1113937653108186,-0.03510615250737288
1707822260.5,-5.7192398254114085,-1.0874911792607518,-0.03718445219811768
1707822260.6,-5.7309158215329985,-1.0631312778426047,-0.03766308259066419
1707822260.7,-5.750815491248859,-1.0197801859874625,-0.03795857907935237
1707822260.8,-5.778042850237515,-0.9495005395194025,-0.0105275977615987
1707822260.9,-5.783733630113114,-0.9504245080728637,-0.013813090312837062
1707822261.0,-5.796166565261634,-0.9362631832962205,-0.017620571587108835
1707822261.1,-5.816961692622231,-0.9052647861041864,-0.012918067924895166
1707822261.2,-5.8268376102046195,-0.9007652370831593,-0.01385135934668446
1707822261.3,-5.845831524705322,-0.8562143429751361,-0.019325999277954364
1707822261.4,-5.8651091382355816,-0.8109849782456306,-0.01841161088648105
1707822261.5,-5.856439274215449,-0.8432277847147253,-0.03132966285918805
1707822261.6,-5.888129628709568,-0.7721786488250615,-0.01993238001790252
1707822261.7,-5.896397149261626,-0.7736068071800392,-0.024526823832105638
1707822261.8,-5.92348203170758,-0.7018065642887037,-0.021574619842960267
1707822261.9,-5.938592712038583,-0.6927965148619828,-0.010879929527977727
1707822262.0,-5.937015371374263,-0.6982847820069265,-0.02812373034943321
1707822262.1,-5.956968319648832,-0.6839666190936885,-0.008105939279761304
1707822262.2,-5.97035421411383,-0.6717814132251388,-0.009009924126083271
1707822262.3,-5.983497580435365,-0.6614458737577136,-0.015237664537714878
1707822262.4,-5.994316283051605,-0.6466364042016713,-0.005634771400941235
1707822262.5,-5.986264967470347,-0.6509104170148956,-0.005717537350923146
1707822262.6,-6.022563462831051,-0.6133828369134786,0.00016931216468901028
1707822262.7,-6.025160587565546,-0.6092294975370766,-0.0022554828188303955
1707822262.8,-6.013025596020946,-0.6283360359245413,-0.002265876617864891
1707822262.9,-6.072130833350493,-0.5534897050204702,-0.0008014105202103841
1707822263.0,-6.106802046485086,-0.5014726320442426,0.0017000169306254365
1707822263.1,-6.123517985689174,-0.4715466785837851,0.013421551018990507
1707822263.2,-6.125530496517226,-0.47917876000936016,0.009430505999190701
1707822263.3,-6.173669904562081,-0.3541842089494161,0.00923053593234719
1707822263.4,-6.200280247255895,-0.3357021771910502,0.0018680679015284224
1707822263.5,-6.230384478723177,-0.2551034001864162,0.017847841933189383
1707822263.6,-6.236910982986638,-0.2770062569973632,0.04146643415751826
1707822263.7,-6.2482812108027925,-0.28528223788570195,0.035911482340906374
1707822263.8,-6.278099567822624,-0.24551520312950653,0.025441536872933324
1707822263.9,-6.300466311742065,-0.21577262867150337,0.02233004156810501
1707822264.0,-6.314743869629376,-0.19768392573176002,0.02323986360923718
1707822264.1,-6.320955518282847,-0.19597932378304206,0.04077969176632755
1707822264.2,-6.341281713492222,-0.18914824695815124,0.02878122072973649
1707822264.3,-6.356569249510584,-0.199845296720187,0.030139970512602865
1707822264.4,-6.4058686440689065,-0.08667469368187261,0.04536029116873569
1707822264.5,-6.420481513601865,-0.08280223533281261,0.04378056532379513
1707822264.6,-6.4305587208866335,-0.07108659824731055,0.047144373683137696
1707822264.7,-6.455536660889179,-0.053911084867116245,0.049242473054428894
1707822264.8,-6.465123500543864,-0.06401179556716684,0.052498124077976056
1707822264.9,-6.492236638315926,-0.014376759555684342,0.04409881357285422
1707822265.0,-6.510958379462128,0.01928113819624029,0.07052621722663764
1707822265.1,-6.528349298751889,0.052095939234890073,0.05963876460221146
1707822265.2,-6.580423821517576,0.1492084685898302,0.06598734594313176
1707822265.3,-6.575075515239863,0.13571517969574057,0.07147685028360193
1707822265.4,-6.579834407850927,0.09268094947090456,0.056315557741295694
1707822265.5,-6.595412700607049,0.10020485978976076,0.06052708787640622
1707822265.6,-6.634849769169204,0.18810488885948518,0.06627865576620089
1707822265.7,-6.64455405440667,0.1875895193213484,0.07035451517094822
1707822265.8,-6.6681953431595105,0.22940291080619313,0.07990688997194108
1707822265.9,-6.657590080532572,0.1783746276865359,0.06259769383356925
1707822266.0,-6.688996266045328,0.231098995379461,0.08003794373961953
1707822266.1,-6.7028391231908095,0.25296472827699984,0.08447135757438556
1707822266.2,-6.702035512300435,0.23033570966403005,0.07236325094749704
1707822266.3,-6.714974385963674,0.21954487562199235,0.08172994753092298
1707822266.4,-6.730953467711123,0.2723483519171513,0.09772432163117842
1707822266.5,-6.753904644382975,0.3150882064239344,0.08686852319146124
1707822266.6,-6.742120593640438,0.29127619197356197,0.07580306393666131
1707822266.7,-6.768918053615213,0.3489791068853948,0.08947833214987272
1707822266.8,-6.774783634849977,0.30366784860927665,0.0901804027198562
1707822266.9,-6.807322014719865,0.38106269225200845,0.10471075010245347
1707822267.0,-6.794905131711324,0.3614593581694453,0.06504479565624818
1707822267.1,-6.848557761226684,0.4194764893394403,0.07679381791385867
1707822267.2,-6.900731602045965,0.48009278496166957,0.10659594214563269
1707822267.3,-6.928279284987132,0.533087518364095,0.12629806392830503
1707822267.4,-6.902429865405117,0.48439984057169866,0.10642851804086093
1707822267.5,-6.922314207061384,0.49409487261375357,0.10686002528143085
1707822267.6,-6.963325956677348,0.5596014829409154,0.1253974332503986
1707822267.7,-6.966882186601605,0.5439320081643103,0.12857065745466156
1707822267.8,-6.971357765717231,0.5310334016906868,0.10678690442533231
1707822267.9,-7.001967353891505,0.5614984961760535,0.09743362314726814
1707822268.0,-7.005268790616243,0.5603966450059031,0.10495299006921893
1707822268.1,-7.021033077001271,0.5793338700355082,0.11300423310886135
1707822268.2,-7.016829540128621,0.5654812787436857,0.11073391497739757
1707822268.3,-7.034509196873176,0.578927612496834,0.10253984910554076
1707822268.4,-7.0437440367591515,0.5897536483838758,0.10786931484291862
1707822268.5,-7.060821348797591,0.6112519978798155,0.10711583225074815
1707822268.6,-7.091084235725704,0.638195790739228,0.10691908854176146
1707822268.7,-7.1008376737447065,0.6450331998953619,0.1007840909720106
1707822268.8,-7.12729045435786,0.6573916637254491,0.10912316373188496
1707822268.9,-7.129256866193441,0.6601553851834776,0.1088585424908847
1707822269.0,-7.148861054927606,0.677791285084554,0.11068436253093752
1707822269.1,-7.237731403715469,0.8355174902793839,0.17329529732987556
1707822269.2,-7.275891837605115,0.8745367557457042,0.18183035050726357
1707822269.3,-7.265114927718129,0.8105024809872978,0.1673361402699364
1707822269.4,-7.196914318212785,0.7483295081950869,0.09937262212629105
1707822269.5,-7.31533793761879,0.8729810134870427,0.18104524172162506
1707822269.6,-7.339591466232916,0.8787404635860732,0.17965847699527923
1707822269.7,-7.355246192597357,0.8976518827940485,0.18775349594801705
1707822269.8,-7.345730409620801,0.8926028114014263,0.1761224495764923
1707822269.9,-7.361463513756414,0.8938642779390562,0.1700339122317803
1707822270.0,-7.412948107671545,1.0014387973447134,0.1963982962586734
1707822270.1,-7.41426972484383,0.9749881869487026,0.17466128762501826
1707822270.2,-7.434243799809406,1.0005672573212794,0.18627447823032275
1707822270.3,-7.435241703693656,1.0265868135302454,0.18316620288698404
1707822270.4,-7.48622075078971,1.091006258577675,0.20260683899069093
1707822270.5,-7.500146185549518,1.113026229885311,0.2091732235584433
1707822270.6,-7.500218829232941,1.124794112158367,0.18377891609101096
1707822270.7,-7.541938789441873,1.2259776243582368,0.19615580313848532
1707822270.8,-7.525785424037703,1.1114391214951291,0.19044032008221412
1707822270.9,-7.534095331969457,1.1485748571794598,0.2129510173015583
1707822271.0,-7.558304752757401,1.1743562128030456,0.20993238122657168
1707822271.1,-7.59030781912736,1.2001807181179514,0.21020784841508044
1707822271.2,-7.595309707048291,1.1722074153246975,0.21526594226666484
1707822271.3,-7.59629875772873,1.1868490268466418,0.19793061590514743
1707822271.4,-7.632126440291993,1.230583991093906,0.21331225265924408
1707822271.5,-7.638726748144981,1.253551230456867,0.20930204056871127
1707822271.6,-7.6465296034694195,1.2730672902355162,0.20964045231681333
1707822271.7,-7.6483387911238285,1.2395340079000992,0.18816794900973652
1707822271.8,-7.649334347821588,1.2478709680059281,0.1982897728329197
1707822271.9,-7.690331841827412,1.2679321693084222,0.22269217360534885
1707822272.0,-7.703832925577704,1.2960106523582657,0.2258502525384135
1707822272.1,-7.755818641056404,1.374354481842887,0.2380356807735336
1707822272.2,-7.752377084320868,1.3608916983008013,0.2275174637227496
1707822272.3,-7.676835412518717,1.2581142552687348,0.1540893272601916
1707822272.4,-7.783512126840712,1.3854846312238005,0.2391049615578792
1707822272.5,-7.820338848303185,1.4671641162537048,0.23794546153318097
1707822272.6,-7.751892005087547,1.360085381686975,0.17463048300109832
1707822272.7,-7.833307349778436,1.4603827226409438,0.24129793589897922
1707822272.8,-7.836030052816134,1.4533766842389848,0.23558385846066976
1707822272.9,-7.860211146311672,1.5009224396968541,0.23186355697323294
1707822273.0,-7.86455608971142,1.5083569317937722,0.2418153360071496
1707822273.1,-7.912657897111951,1.5867039805598586,0.24742742317343963
1707822273.2,-7.900687021893157,1.507206333903617,0.24038252320484968
1707822273.3,-7.938908647184208,1.594468281001339,0.23802078801636872
1707822273.4,-7.935225698096156,1.5801758778401693,0.24471109652685635
1707822273.5,-7.932595202920418,1.5882769068761513,0.2541491427507715
1707822273.6,-7.93096699077289,1.5670049418311693,0.2533236422710219
1707822273.7,-7.973074047774554,1.6008997254469564,0.26487651014976654
1707822273.8,-7.949399779235538,1.5839713341089101,0.2630005277938008
1707822273.9,-7.9478368283314715,1.5758593430120202,0.2559875702996069
1707822274.0,-7.9371370646836406,1.5509335823709578,0.24010038830788155
1707822274.1,-7.953323418383193,1.5624311349863533,0.23032341954843552
1707822274.2,-7.95535060200763,1.5836524511552668,0.21942773920612946
1707822274.3,-7.966696017424586,1.605384907684964,0.23724695796455106
1707822274.4,-7.962437276854234,1.5400920184851496,0.22293282781785378
1707822274.5,-7.974309753032497,1.5626776907257824,0.2199134589436392
1707822274.6,-8.021997310475122,1.6638495334710515,0.2485677025669958
1707822274.7,-8.03420202392908,1.6216037160884051,0.259076889008661
1707822274.8,-8.050881938141508,1.6521071306059432,0.25995789581800827
1707822274.9,-8.063070927980867,1.7059148819170857,0.23933973730254113
1707822275.0,-8.038405925083312,1.708085689021416,0.19191245539520102
1707822275.1,-8.043951815297659,1.7053626445498176,0.2215495978776015
1707822275.2,-8.085145922233709,1.7257238900260718,0.2375926671080194
1707822275.3,-8.043350277974778,1.6889984568125949,0.21097288684894622
1707822275.4,-8.069351820341662,1.713340049550978,0.2470360518710912
1707822275.5,-8.061559868470649,1.682194507822428,0.22750722577529464
1707822275.6,-8.067128989848118,1.6708409516930365,0.22687766716217117
1707822275.7,-8.099159645288765,1.7228299185375489,0.26145252672913694
1707822275.8,-8.117785943175837,1.771548287092291,0.2567333523229475
1707822275.9,-8.132373878326664,1.8022281010153536,0.2423874291256769
1707822276.0,-8.083625851425865,1.7489663455547744,0.20950567804507134
1707822276.1,-8.14931438723716,1.8637297270576911,0.23391739530582628
1707822276.2,-8.156757364063921,1.8015166497962978,0.23429438144659387
1707822276.3,-8.18341171674282,1.8496161559448574,0.19823339738566528
1707822276.4,-8.209755454622012,1.8634254442539075,0.2631568323160854
1707822276.5,-8.235596802575289,1.8522997972979374,0.27466660531520043
1707822276.6,-8.192413958329672,1.8340183175364368,0.22954941155851044
1707822276.7,-8.14810764080754,1.7983249897680065,0.21628427435270395
1707822276.8,-8.193528817214087,1.8687544539829914,0.2653240563551105
1707822276.9,-8.242497569576447,1.9161809720885201,0.2659150573442027
1707822277.0,-8.210215206561042,1.8430519870043025,0.24513639382078975
1707822277.1,-8.249560725141984,1.8756009604542678,0.24045339633115953
1707822277.2,-8.239734986748276,1.8594915280487403,0.19364657599289153
1707822277.3,-8.207274326165077,1.8103867241423115,0.1914818586558622
1707822277.4,-8.2066973217291,1.815861943449562,0.18229179114918392
1707822277.5,-8.278790108621514,1.935753778877381,0.25573097786989935
1707822277.6,-8.312743637156832,1.9903044180944733,0.2586574487903463
1707822277.7,-8.332407857629763,1.9920795155667175,0.2766484626329432
1707822277.8,-8.31344552555995,1.996317533608856,0.25773629991830227
1707822277.9,-8.33699966169745,2.007372392609634,0.2510804228132238
1707822278.0,-8.314224848685546,2.006115120344649,0.2357915211096636
1707822278.1,-8.262920874545035,1.8584657560117717,0.20487992884296746
1707822278.2,-8.328834861385563,1.969454584827202,0.20641317030382036
1707822278.3,-8.361290945619793,1.9811578598554578,0.21989617567032482
1707822278.4,-8.400361196115096,2.0538056677486214,0.2674081235489225
1707822278.5,-8.423441970547065,2.0974797075578935,0.2511228870970973
1707822278.6,-8.331946068104605,1.94953173272662,0.20567279833394742
1707822278.7,-8.406356203084687,2.0461090983936243,0.21960866091284556
1707822278.8,-8.414308183939593,2.0423294209906238,0.21194815172595202
1707822278.9,-8.409358409806366,2.061893661430338,0.22903269502559198
1707822279.0,-8.459268759735643,2.097253968093287,0.3054509155330491
1707822279.1,-8.497861115089076,2.1759230700229746,0.27643279315832603
1707822279.2,-8.498858508636056,2.1637537396980924,0.22635008414244556
1707822279.3,-8.447690182162118,2.1012756599259004,0.21118199827592898
1707822279.4,-8.483872267314224,2.1621907778997356,0.2277103355242157
1707822279.5,-8.507472361598344,2.1622999466792696,0.2681497631179297
1707822279.6,-8.49718863351109,2.1639453304752743,0.21883392729520018
1707822279.7,-8.600764343070894,2.3563926444773324,0.31254539172467477
1707822279.8,-8.560485488169055,2.2357910997226202,0.29983304050451615
1707822279.9,-8.552973095865188,2.248127736880815,0.3061440373625298
1707822280.0,-8.607982918736171,2.2973302840435053,0.32772745177939533
1707822280.1,-8.596489717499988,2.324901670738587,0.3117739331133299
1707822280.2,-8.616601561639655,2.3276843998090118,0.2742852633272693
1707822280.3,-8.651277617330267,2.3464999047884274,0.3031610429358744
1707822280.4,-8.628956889012713,2.3415721284378956,0.3111923961495876
1707822280.5,-8.658485034823588,2.401368606759412,0.3122111452428191
1707822280.6,-8.658069975881075,2.3820479757961373,0.29118561231586604
1707822280.7,-8.643747633723592,2.3888840346121376,0.30258160042595894
1707822280.8,-8.663187815675174,2.413533067683862,0.30556873279627783
1707822280.9,-8.626462036253495,2.3252238720541913,0.258941991167464
1707822281.0,-8.645735636321403,2.346371662476362,0.27288841091764476
1707822281.1,-8.704391753930718,2.486875955272857,0.3121163146711274
1707822281.2,-8.68768311732589,2.4422112792484527,0.3173922387365933
1707822281.3,-8.691622378535468,2.41364304201174,0.30537692652796156
1707822281.4,-8.741959187079592,2.503464505791733,0.3401852472954716
1707822281.5,-8.732644288041387,2.4741575670634353,0.3067764519086702
1707822281.6,-8.730576666326135,2.4572922199094367,0.27762157921637093
1707822281.7,-8.687951146232278,2.414096064223561,0.22998187441656937
1707822281.8,-8.745458863703508,2.4721826528909663,0.32236439961706687
1707822281.9,-8.74804569839127,2.462745398872685,0.27277430078144416
1707822282.0,-8.745507839138362,2.469269478529554,0.2511529424087173
1707822282.1,-8.7588607354076,2.477557287602085,0.24675091179441025
1707822282.2,-8.758012497375411,2.484965571850588,0.3191555258180176
1707822282.3,-8.804322986621042,2.5106345370787952,0.2936040540669098
1707822282.4,-8.767351496077433,2.481815208135775,0.24299590372987728
1707822282.5,-8.785037415652898,2.502811170394409,0.21724451683950538
1707822282.6,-8.881925980877822,2.5627597723502475,0.3230771481478829
1707822282.7,-8.897615754114947,2.5632842162490372,0.2998078368286553
1707822282.8,-8.936235785529325,2.574887708076377,0.3326605385201128
1707822282.9,-8.862745936157282,2.5429179283315237,0.30053613405029234
1707822283.0,-9.002110549697306,2.736436304512831,0.371462819596258
1707822283.1,-9.014128989831216,2.6426880871000895,0.39272177948061715
1707822283.2,-8.941220060929536,2.610879462100578,0.33622904959032157
1707822283.3,-9.060259488513115,2.7933894505386436,0.40274062395100546
1707822283.4,-9.009215434836495,2.687674612668875,0.3829734683935134
1707822283.5,-9.047651449925953,2.7271951664010254,0.39206148211132996
1707822283.6,-9.019555812354788,2.6552119395417737,0.3619738710645732
1707822283.7,-8.920652074523707,2.5349203082061087,0.31093127837926177
1707822283.8,-8.924727962806388,2.5372476854615464,0.3111589737047218
1707822283.9,-8.925654783834105,2.537327342025845,0.3128523760662518
1707822284.0,-8.940690029654698,2.5499213041310416,0.30964321872593614
1707822284.1,-8.926103084723083,2.5340996197554126,0.3116203108049299
1707822284.2,-8.927931244119565,2.5419996418830726,0.3136667361248049
1707822284.3,-8.939492382562248,2.5587553245080157,0.31453458582373134
1707822284.4,-8.946952189361786,2.570164281812978,0.3138982617174607
1707822284.5,-8.938369526410298,2.5369679790860165,0.30664051481817717
1707822284.6,-8.94133728509858,2.541344568613568,0.3087651495128305
1707822284.7,-8.949174489179965,2.5430426390161864,0.31225064421472104
1707822284.8,-8.967163926810658,2.5477854584883404,0.3160859636438127
1707822284.9,-8.966637280126978,2.5550472284024166,0.31453810178012737
1707822285.0,-8.96165715254143,2.5396868019013956,0.3088803748705699
1707822285.1,-8.96607057984198,2.4217847330545124,0.3156279472258652
1707822285.2,-8.967012010653383,2.424553414030005,0.31541384729611777
1707822285.3,-8.965742409198485,2.421495852625846,0.31588898801533577
1707822285.4,-8.964786026284,2.4200178089395346,0.3159642184242226
1707822285.5,-8.966246096674721,2.4226641518377594,0.31609916679026145
1707822285.6,-8.96215670456441,2.407986528072178,0.31619375565820507
1707822285.7,-8.96076240445153,2.40799084154822,0.31604407131861856
1707822285.8,-8.961726643197377,2.4060714197032276,0.3155448017795869
1707822285.9,-8.961003308533996,2.402684377875033,0.31545141773002106
1707822286.0,-8.958668402574826,2.39622021837983,0.315174752086387
1707822286.1,-8.957640877093988,2.390968728999396,0.3156273131994883
1707822286.2,-8.957179520819617,2.3903951712482248,0.3166016075622436
1707822286.3,-8.954049443559445,2.3839002754263072,0.316741832650045
1707822286.4,-8.954967090224983,2.3835855261620416,0.31640834286175223
1707822286.5,-8.951636188952802,2.3746224610129434,0.3166882011000678
1707822286.6,-8.949295828921965,2.3674835132755354,0.31671888034743534
1707822286.7,-8.951057974463764,2.3721497910785887,0.3168183471912277
