time,east,north,up
1707822196.8,0.03262495160047946,0.071775222710001,-0.06050008213214375
1707822196.9,0.03127377481183916,0.07421025508466263,-0.059223310997385585
1707822197.0,0.030544712984429623,0.07396674095210355,-0.05943336947882423
1707822197.1,0.02993704888610574,0.07536558797239244,-0.05823484288426711
1707822197.2,0.029885930621706205,0.07369885352124618,-0.05905826321400495
1707822197.3,0.027140258725673196,0.07898091341063496,-0.05834317892402138
1707822197.4,0.027792442985102438,0.07622173716249726,-0.06038310899490189
1707822197.5,0.027606055103129357,0.076208709912191,-0.061111721088874575
1707822197.6,0.025131098770628874,0.0806581246605057,-0.05910039944167167
1707822197.7,0.025334385699528728,0.08111678697089786,-0.06029903005796745
1707822197.8,0.022163394781930267,0.08930065802149767,-0.05695851972651567
1707822197.9,0.031020433576865788,0.06652531800393832,-0.06208901742056255
1707822198.0,0.021118526194893815,0.08738897540844437,-0.05893374345370259
1707822198.1,0.0238670628943191,0.08025620276203772,-0.05890192761475912
1707822198.2,0.023990319472607692,0.0796322972140844,-0.05772531051158085
1707822198.3,0.022103081271681476,0.08475577698000852,-0.058980736306003506
1707822198.4,0.01986409603874624,0.08733534390657567,-0.05823318127553395
1707822198.5,0.015925609204082668,0.09203754557301867,-0.05569984596009783
1707822198.6,0.026437052123441003,0.07269762773874089,-0.06015640704324798
1707822198.7,0.019625191617894267,0.08498706538766876,-0.05887977721839236
1707822198.8,0.02073952673236603,0.08284734546595333,-0.05840362369335979
1707822198.9,0.016692035784526906,0.09168344143806931,-0.05582372105972697
1707822199.0,0.016174241581236426,0.090265207925213,-0.05748374986993427
1707822199.1,-0.00026797863832795504,0.11416364225749687,-0.05326338724284405
1707822199.2,-0.01916268182803841,0.14641824800686723,-0.04684913680226927
1707822199.3,-0.0007944889952608281,0.11535550997238536,-0.05388783303995713
1707822199.4,-0.004809399978571299,0.11895227361200691,-0.04845390053641991
1707822199.5,-0.008580531279293695,0.12609007138812772,-0.048208041120906014
1707822199.6,-0.0019459138932557338,0.11375349479147015,-0.05262773802171017
1707822199.7,0.008534165275903439,0.09725289986144232,-0.05464798550554579
1707822199.8,0.018695108028211057,0.08196129234633336,-0.05816018724212734
1707822199.9,0.016882785297331896,0.0861155118345746,-0.0576626677252813
1707822200.0,0.01714094721123638,0.08376978804249083,-0.05900097754053077
1707822200.1,0.0055534436161996555,0.1033629239574872,-0.05543683051272545
1707822200.2,0.01168603605749038,0.09370543892296204,-0.05698660121270602
1707822200.3,0.014775454783318827,0.08990575077264146,-0.057165073244857686
1707822200.4,0.010464572296189974,0.09599710606351554,-0.05723066036105436
1707822200.5,0.008421403257787525,0.1002118703103371,-0.055133854553290854
1707822200.6,0.012507289397019103,0.09218050661776182,-0.056427419633123234
1707822200.7,0.0002985672178451859,0.1098697048688739,-0.05418183423817335
1707822200.8,0.0059960681398466414,0.1000835038766823,-0.05610031546997889
1707822200.9,0.0035455243301089727,0.1016839406641189,-0.055837115005045346
1707822201.0,0.005689982922629993,0.10068907925503508,-0.05607417908534993
1707822201.1,-0.0018622770992854157,0.11358493640691801,-0.054365680112154674
1707822201.2,-0.010011984754665922,0.12396598112158444,-0.05079717418829795
1707822201.3,-0.00533412509641417,0.11716889315961793,-0.052605338841473566
1707822201.4,-0.05128604730696272,0.1811016114534478,-0.037510083328481575
1707822201.5,-0.7349414227218392,1.1154597984682808,0.17717912633049174
1707822201.6,-1.1860091477340744,1.6785841788725975,0.14787180030092706
1707822201.7,-1.3352526325161593,1.8238940919503521,0.10289950040821741
1707822201.8,-1.3757052972536725,1.8599528155435112,0.11028195752415959
1707822201.9,-1.3760976507337617,1.8604157290893462,0.1094165217595841
1707822202.0,-1.3773186723940025,1.8614983217976382,0.11032847122601425
1707822202.1,-1.3774406506326586,1.861682425800703,0.10958902083363378
1707822202.2,-1.380243801798355,1.863941905573174,0.11059538486235299
1707822202.3,-1.3841180095675538,1.8665663359885496,0.11112370369017846
1707822202.4,-1.3852287970757406,1.8672754870163666,0.10882210774356688
1707822202.5,-1.3857951430186761,1.868474053052981,0.11078574015464515
1707822202.6,-1.3898971711023143,1.8515102244998394,0.0982446758609132
1707822202.7,-1.3884927032435666,1.8705738372578344,0.11042095922077769
1707822202.8,-1.3905597758668427,1.8719966203072178,0.11175121455223755
1707822202.9,-1.6738432365365388,2.144499296238558,0.1834944454032224
1707822203.0,-1.7878601333292583,2.172095675659181,0.15096245944785824
1707822203.1,-1.8093228483035124,2.216282641450341,0.142311991661845
1707822203.2,-1.8051862183071088,2.2161262586713595,0.1413410876466237
1707822203.3,-1.8211700658550645,2.226445355905141,0.14309807100744998
1707822203.4,-1.9921867398334152,2.29511587824189,0.16238297492410647
1707822203.5,-1.9939768626270444,2.295618301284845,0.16277229965993578
1707822203.6,-2.0022512453293406,2.300222942681559,0.16397494836878596
1707822203.7,-2.008780935745138,2.304789547859804,0.16560457628070974
1707822203.8,-2.0338146690161363,2.3262709936894614,0.1704348760966546
1707822203.9,-1.844071961196417,2.2362335677857272,0.14775156740887288
1707822204.0,-1.895917971605531,2.277168316734564,0.15883501313188414
1707822204.1,-2.2037449463248135,2.443258931328643,0.20948017480627718
1707822204.2,-2.242027828481845,2.468850583647244,0.2188183523360887
1707822204.3,-2.2534602952770837,2.4774741823002007,0.22210490683905737
1707822204.4,-2.28240939796418,2.496439330839984,0.22918165221267117
1707822204.5,-2.3517270740241343,2.511691951513818,0.18482266985906876
1707822204.6,-2.3573837487368987,2.5159068935873488,0.185602822049102
1707822204.7,-2.3629052886691606,2.5197002187148034,0.18649020756420354
1707822204.8,-2.366392364431155,2.521189250047818,0.18694283846373905
1707822204.9,-2.425763954545557,2.567990575314351,0.19635962187148032
1707822205.0,-2.4492585024545224,2.586290026759328,0.2001182829321243
1707822205.1,-2.4678535534901505,2.595512980566647,0.20423434639327293
1707822205.2,-2.5840801214214033,2.612094617909763,0.19045045124287668
1707822205.3,-2.628443749660051,2.6262963289801644,0.19301610725778506
1707822205.4,-2.673472860142252,2.639543113647998,0.19990346311567975
1707822205.5,-2.6956150117329365,2.646909692657334,0.20189286999546163
1707822205.6,-2.6996283234713236,2.6485771032378573,0.20219540516930296
1707822205.7,-2.7897458197457516,2.6754823817666415,0.2093575764277738
1707822205.8,-2.7886265834408692,2.6742808436472973,0.20997588393556116
1707822205.9,-2.7838925022915,2.6724746174406713,0.20968079021704245
1707822206.0,-2.830334743781255,2.6903485557439093,0.21627057481444878
1707822206.1,-2.8590410301985814,2.698721091015978,0.22096770741149546
1707822206.2,-2.883602982803865,2.7060953425453196,0.22467016286378605
1707822206.3,-2.91820849419204,2.7151958028579886,0.2243981359589426
1707822206.4,-2.9618991063820514,2.7283436219719492,0.23011320574496436
1707822206.5,-2.988554905928374,2.736714962607117,0.23494059184978855
1707822206.6,-3.033218071432248,2.739155337513223,0.23478788561768155
1707822206.7,-3.051810567262848,2.7414532198826005,0.23706624702622225
1707822206.8,-3.0637919117239396,2.7434892179671535,0.23847543909021396
1707822206.9,-3.123757268940288,2.7556999689977304,0.248478429719937
1707822207.0,-3.150679188539079,2.7604311223110964,0.2525654465012791
1707822207.1,-3.163041226595052,2.7630180704983043,0.254357477351418
1707822207.2,-3.1751481468117997,2.764126153028851,0.25555877740052024
1707822207.3,-3.2428278647755784,2.7504501240326573,0.2473951888501732
1707822207.4,-3.277372758235995,2.744993318749006,0.24817072070984475
1707822207.5,-3.314652254050773,2.743602310167464,0.24604472291302715
1707822207.6,-3.3541408861307924,2.7386400752488425,0.24964662123009745
1707822207.7,-3.3785060110542706,2.7345984433063477,0.2457192317336574
1707822207.8,-3.414675216375307,2.7314805357044327,0.24779022088992747
1707822207.9,-3.4432637370619004,2.727400725393443,0.24839875044021714
1707822208.0,-3.476229062559775,2.721290163673724,0.24838172144167486
1707822208.1,-3.502833356153071,2.7172355875465777,0.25080219864113795
1707822208.2,-3.5148909109907023,2.714362868109588,0.25124462267018
1707822208.3,-3.565498652347053,2.7035692067594206,0.25107351163285657
1707822208.4,-3.5858233693365698,2.6978567563755464,0.25161461065062785
1707822208.5,-3.629273734826257,2.691480989251777,0.2551918170833526
1707822208.6,-3.654219331862534,2.6879122321177626,0.2557322801541706
1707822208.7,-3.690495289549988,2.6880647823508212,0.25427915513005916
1707822208.8,-3.7051250040767507,2.6827005311717023,0.2554585153502915
1707822208.9,-3.7439386750908223,2.666130392159284,0.2532215372471553
1707822209.0,-3.765976378257914,2.657716134801864,0.2536953268892559
1707822209.1,-3.802116368130041,2.654114991420706,0.25615537582758996
1707822209.2,-3.8249901016842207,2.64953231353611,0.25131045905800403
1707822209.3,-3.8544939687984083,2.637222364943411,0.2505094913679264
1707822209.4,-3.8879054215435067,2.6299984479593546,0.2500479120119189
1707822209.5,-3.9023107449574086,2.624025949864089,0.2510882689928301
1707822209.6,-3.933276541676597,2.6164691941766938,0.2544374541006609
1707822209.7,-3.94241597199293,2.614264771917477,0.256244593755847
1707822209.8,-3.9884163928996363,2.5990222825317573,0.2546338500964737
1707822209.9,-4.007646393501148,2.588212700230661,0.2587611318701837
1707822210.0,-4.029123052620911,2.582358233127045,0.2574531269119513
1707822210.1,-4.063912901492526,2.5810694474432636,0.2518986453651497
1707822210.2,-4.084384033714995,2.5716901450023264,0.25170386192178557
1707822210.3,-4.118991648831785,2.564873436589302,0.2490022968735987
1707822210.4,-4.152335045566947,2.539893784219737,0.2492003289685173
1707822210.5,-4.162230654937075,2.537275098892065,0.24967681596708768
1707822210.6,-4.180466596024834,2.534290811116231,0.25171364849774236
1707822210.7,-4.212471183480912,2.529189924976564,0.2559651037645323
1707822210.8,-4.242145397624692,2.524819199227653,0.258975468123539
1707822210.9,-4.260955498504307,2.522410699400571,0.2595464252275696
1707822211.0,-4.279710522307229,2.518363932526335,0.261356904747459
1707822211.1,-4.315841308941275,2.496620225192474,0.25179859813563704
1707822211.2,-4.330921539102305,2.4859860472838267,0.25280050982169383
1707822211.3,-4.354225799395111,2.4787398796421276,0.25605346665444906
1707822211.4,-4.39216810846897,2.4567761340256866,0.25161676185015724
1707822211.5,-4.40836601146571,2.44630646966194,0.24108982225602227
1707822211.6,-4.432677697780703,2.458426348127676,0.2531846029852739
1707822211.7,-4.439413886968599,2.456466000558177,0.25520725248988724
1707822211.8,-4.453026343096749,2.446994833348371,0.25718156274747495
1707822211.9,-4.47868757679461,2.4322233378750346,0.25812897783543604
1707822212.0,-4.506781673428724,2.4237400240173432,0.2591789380979983
1707822212.1,-4.544314205632912,2.413281809101644,0.25397802395633395
1707822212.2,-4.551202483484231,2.4111779969829397,0.2536500907022745
1707822212.3,-4.585564577411335,2.3983141256061518,0.2588818092884072
1707822212.4,-4.608010192521034,2.391260006988661,0.25623939865690787
1707822212.5,-4.627701688799565,2.384265076841224,0.25521556500212317
1707822212.6,-4.654066641403443,2.372781633458064,0.25484979224428006
1707822212.7,-4.668646757182506,2.3664357898744526,0.2551339669946515
1707822212.8,-4.696005871159829,2.3617128808932537,0.2579727919903778
1707822212.9,-4.711793022376863,2.357874623473602,0.26050487954578666
1707822213.0,-4.737274438716421,2.3517165649731835,0.25895293471881003
1707822213.1,-4.7646146470435715,2.332297055804766,0.2617534520979018
1707822213.2,-4.792487496076869,2.3159671244390085,0.26323307605667357
1707822213.3,-4.8147217456851354,2.301537048702187,0.26548982372657015
1707822213.4,-4.835048382565304,2.2896629410008535,0.2683496702678794
1707822213.5,-4.845396668631948,2.28404287969938,0.26964242831007657
1707822213.6,-4.882632521032354,2.26408477089164,0.2652262042919983
1707822213.7,-4.901744067394837,2.252096403714082,0.26775677700001427
1707822213.8,-4.943937188840066,2.2432928697246575,0.25588992359708806
1707822213.9,-4.964941961230066,2.231498646295011,0.25524655300515486
1707822214.0,-4.988777172623743,2.217632438762362,0.25327606849260476
1707822214.1,-5.008228983252011,2.2069553676799143,0.25273488123464544
1707822214.2,-5.035608878911356,2.190243464635872,0.2527392689395167
1707822214.3,-5.045999093630651,2.1852656604622527,0.2533359074570749
1707822214.4,-5.077153069247454,2.1737529733287886,0.2553822267677344
1707822214.5,-5.097077488221438,2.1582400870714413,0.24712577892313164
1707822214.6,-5.125131204539948,2.1364082300639216,0.2499937490019507
1707822214.7,-5.146721616202118,2.125472886554005,0.25341450849423175
1707822214.8,-5.165356765951494,2.1170652829895524,0.2505146492339937
1707822214.9,-5.185174295237226,2.1044348709812835,0.24866318948639715
1707822215.0,-5.20499640108745,2.0945231720749447,0.2501630180341387
1707822215.1,-5.225566461425056,2.085338185425045,0.2504866532805282
1707822215.2,-5.245408068771058,2.076617291491107,0.24965129161380983
1707822215.3,-5.256246977165424,2.0717152886488073,0.2490787298258973
1707822215.4,-5.27285312763721,2.0628203955536857,0.24850193373523177
1707822215.5,-5.302576870225368,2.032165600980957,0.2470005500937542
1707822215.6,-5.324319337052592,2.0209180399010322,0.24704326470386068
1707822215.7,-5.338906996948292,2.0084559393040675,0.24744685788077608
1707822215.8,-5.369281711894119,1.990037640505558,0.24358759363707855
1707822215.9,-5.377951022520443,1.9815092472717253,0.24397401938656565
1707822216.0,-5.398312716013749,1.96856590649189,0.24335987688516025
1707822216.1,-5.407414052878887,1.9576328279489403,0.24417588531931322
1707822216.2,-5.426492191986287,1.9475071068572312,0.24520406859656124
1707822216.3,-5.449671022033397,1.9384403140017348,0.2420310485016508
1707822216.4,-5.475452453191194,1.9258791619190183,0.24126907876351622
1707822216.5,-5.493327979383998,1.9109698695584134,0.23867948707335934
1707822216.6,-5.501489646650234,1.9096616103906245,0.2406889251596777
1707822216.7,-5.530178330708752,1.8848719760702088,0.24250153862992901
1707822216.8,-5.5470662289162185,1.8741045569074435,0.23938420183658066
1707822216.9,-5.55952671764011,1.862766012472383,0.2385185957716166
1707822217.0,-5.583486765392782,1.84232850168099,0.23959577040042535
1707822217.1,-5.592196999136407,1.836167257766261,0.23943779964907452
1707822217.2,-5.613353182129402,1.8252383733468756,0.2380962591007738
1707822217.3,-5.626518844297022,1.8156802497585434,0.23753625251162475
1707822217.4,-5.64457957718133,1.8041429621343934,0.23933259176221955
1707822217.5,-5.6591333455951265,1.791370875647844,0.2381489239681711
1707822217.6,-5.683977287284422,1.7792017013842483,0.23696455668755656
1707822217.7,-5.695649955969183,1.76758500151301,0.2387409098884012
1707822217.8,-5.697089343729528,1.7669726090368127,0.23939720749378784
1707822217.9,-5.697893876904202,1.766143169176617,0.23887177325904685
1707822218.0,-5.700519098614918,1.7646812045929992,0.23937669536507505
1707822218.1,-5.702412446822499,1.7633853675373372,0.23975156575409967
1707822218.2,-5.7021812563424765,1.7638872895992208,0.23959345160902923
1707822218.3,-5.702538116058625,1.7635658048549534,0.23940690057890712
1707822218.4,-5.703478473321161,1.7630391860894792,0.23990541490027895
1707822218.5,-5.809423563028906,1.6813594987264586,0.23686613148609625
1707822218.6,-5.811039631228781,1.680760426661296,0.2372485257867119
1707822218.7,-5.875527917868047,1.6276615562152317,0.23787806380166976
1707822218.8,-5.90780095825523,1.6074310509772778,0.23204201904364563
1707822218.9,-5.914269724242405,1.6023016127851915,0.23428000748569422
1707822219.0,-5.927304295104366,1.5856885605874111,0.2361378181972636
1707822219.1,-5.905596133640188,1.613689400811747,0.23666496674201676
1707822219.2,-5.918365752841896,1.6058300934244791,0.2367850025831838
1707822219.3,-5.9399664945777415,1.584416374549945,0.23285843237305165
1707822219.4,-5.9504731643850475,1.5764139711031342,0.2324043340069894
1707822219.5,-5.967514453167607,1.559592040303259,0.23017176310192444
1707822219.6,-5.980952932533531,1.5478123749772001,0.23059290616959954
1707822219.7,-6.001381199496957,1.5284939505015573,0.2306970289200574
1707822219.8,-6.013908425970446,1.517221325210573,0.23236828950173044
1707822219.9,-6.027748863446754,1.5022752826853731,0.2316683406179736
1707822220.0,-6.0421327851484765,1.492816277245922,0.23435516223134667
1707822220.1,-6.06169488673327,1.476967471921813,0.23123988610122193
1707822220.2,-6.071976255097392,1.4605687901029716,0.22979008864208633
1707822220.3,-6.088500528393689,1.446132136536497,0.22883088411954017
1707822220.4,-6.102847502176148,1.4344106167480926,0.2285898975463324
1707822220.5,-6.119736426581685,1.4170701633232141,0.22681166539457154
1707822220.6,-6.122247624317872,1.410586533369057,0.22744276140580377
1707822220.7,-6.12822559158925,1.4055279386151407,0.22740694783232124
1707822220.8,-6.130167022031508,1.403385042725917,0.22768961012095157
1707822220.9,-6.148289429449533,1.3790248117329942,0.2251242572644303
1707822221.0,-6.1660601011654785,1.3560988091554675,0.2244717018987148
1707822221.1,-6.182051537594853,1.3337500116634031,0.2251576617882181
1707822221.2,-6.18723937256311,1.32891750494179,0.22507676993708103
1707822221.3,-6.202485211422482,1.3128704090214465,0.22397293777918187
1707822221.4,-6.2135415229542765,1.30220677456673,0.22255545584965408
1707822221.5,-6.2399813451491974,1.2690208635604183,0.22307182700289513
1707822221.6,-6.246341305066289,1.2638416334198774,0.22327191439033084
1707822221.7,-6.2480935333902154,1.2614803094347018,0.2235040060692221
1707822221.8,-6.258008091481133,1.2506484477572128,0.22201570254809244
1707822221.9,-6.279773045844661,1.2329303792306832,0.21742534376638756
1707822222.0,-6.280229765191756,1.2324560198054793,0.2172407772474637
1707822222.1,-6.288257346738811,1.22423671698571,0.217231454496293
1707822222.2,-6.289204907695118,1.2235056162231615,0.21689023251757056
1707822222.3,-6.287707461769762,1.22385286659797,0.21751274836162016
1707822222.4,-6.294646242858262,1.216882487679768,0.21649778817159604
1707822222.5,-6.3174698805262075,1.1916129395586672,0.21499215630655844
1707822222.6,-6.333889330171881,1.1644648832044011,0.21320067345177984
1707822222.7,-6.342363257334765,1.1558263152036587,0.21320315654476718
1707822222.8,-6.362281800249189,1.126496763189681,0.21718497652043406
1707822222.9,-6.365907266534486,1.121797748295829,0.2171459017089553
1707822223.0,-6.364784582499456,1.1223462771374109,0.2177073453646795
1707822223.1,-6.385776552007335,1.0906118371105042,0.21663176713891036
1707822223.2,-6.3883203766176395,1.0861508065616212,0.2169002700903454
1707822223.3,-6.411270606609968,1.046004352517534,0.21113842498244367
1707822223.4,-6.427640621138557,1.0221290101152871,0.20891374433634746
1707822223.5,-6.437776356139122,1.0069436318027807,0.20741858660766677
1707822223.6,-6.446201159055948,0.993458936988515,0.20600338856471678
1707822223.7,-6.4585388255403275,0.9782352268215473,0.20514595827434695
1707822223.8,-6.464980441587742,0.9613489056385813,0.2055443549232075
1707822223.9,-6.484961397280402,0.9281306248451153,0.202399843212287
1707822224.0,-6.488376419947316,0.9231489968172253,0.20197519754391474
1707822224.1,-6.490452752661338,0.9199110904650436,0.20197274141024857
1707822224.2,-6.494204116841572,0.9146675397661805,0.2018472705208389
1707822224.3,-6.495480990403375,0.9110281408491139,0.20141699862168527
1707822224.4,-6.5000899223725535,0.9034435049922036,0.2010079933746276
1707822224.5,-6.50546316447764,0.8948788771248866,0.20026700541141074
1707822224.6,-6.503552571070112,0.896242610777527,0.20026868505610262
1707822224.7,-6.505368263820066,0.8918105976760804,0.2008202394167844
1707822224.8,-6.507083716127895,0.8894291911605368,0.19992674674086935
1707822224.9,-6.506488533167678,0.8890241678459281,0.20007479109692677
1707822225.0,-6.513539898033314,0.87596450373343,0.19966203853070802
1707822225.1,-6.533150284062613,0.8199614149935093,0.20936569441226976
1707822225.2,-6.551708149269097,0.7673191881162216,0.20120127739103888
1707822225.3,-6.55679197995495,0.7582712114252519,0.20067651997009223
1707822225.4,-6.5554808191083955,0.7559619140080314,0.20043873405340012
1707822225.5,-6.5547135733257145,0.7553958208531439,0.20088537162684272
1707822225.6,-6.559689726814285,0.7405047718345161,0.19858475335622727
1707822225.7,-6.5604318988633645,0.7385154571364414,0.19882860035968164
1707822225.8,-6.5586832793948435,0.7397964387676612,0.19866970028908248
1707822225.9,-6.561826946091531,0.7322717813865827,0.19811913820810162
1707822226.0,-6.56463927617492,0.7269461635375378,0.19745981344959995
1707822226.1,-6.569100752957608,0.7184709780554559,0.19718779143409032
1707822226.2,-6.577513970722167,0.6934050781412437,0.1945731432190071
1707822226.3,-6.5778764824142515,0.6926600035934751,0.19417938067138552
1707822226.4,-6.6204669256979845,0.5780684100135585,0.18402813487804953
1707822226.5,-6.622107641748696,0.5734679784337489,0.18389213124032655
1707822226.6,-6.624368562010018,0.5667228085267835,0.1838336122359276
1707822226.7,-6.62536722218051,0.5645965933177124,0.18334501196648867
1707822226.8,-6.6260053970815305,0.5602756688571542,0.1832102882554245
1707822226.9,-6.628173070924339,0.5556254544623165,0.18237103096903035
1707822227.0,-6.628756902451773,0.5526518867684469,0.18249267595228172
1707822227.1,-6.630868662957016,0.5472949557963196,0.18166873359060864
1707822227.2,-6.6305089011133225,0.5457732668403807,0.18153129621436237
1707822227.3,-6.648855079584963,0.47493031554187914,0.1754153273171731
1707822227.4,-6.649175580300606,0.4630033158215896,0.17492378188728688
1707822227.5,-6.650736019984638,0.45691318677418846,0.17412568630460343
1707822227.6,-6.651974563278297,0.45377425975664454,0.1739517716830846
1707822227.7,-6.654494290534596,0.44754808031148285,0.1737930700791856
1707822227.8,-6.658249489724315,0.43144034241546936,0.17209968416526153
1707822227.9,-6.663839322176298,0.39540991665709746,0.16624718576267591
1707822228.0,-6.662169062939101,0.38886081912031867,0.16501288701287722
1707822228.1,-6.6628142872679605,0.3865027442556761,0.16510437356335614
1707822228.2,-6.6702584755716465,0.3751140635534742,0.16502156254278869
1707822228.3,-6.670395871353326,0.37369931632540987,0.16543952941435752
1707822228.4,-6.673096058545075,0.3631727051208109,0.16591255125500956
1707822228.5,-6.672610481937682,0.3622063392460799,0.1653243278171331
1707822228.6,-6.674831384282894,0.349551062705977,0.16538903183326903
1707822228.7,-6.676683128837625,0.3391392600975649,0.16537725067168008
1707822228.8,-6.679985010635458,0.3169070047388567,0.1633701643459457
1707822228.9,-6.6822169261141315,0.30803766354522577,0.16345384870393856
1707822229.0,-6.686427872302743,0.2527079763552298,0.1558130226023869
1707822229.1,-6.687038649647749,0.25191543965551877,0.15642079085860078
1707822229.2,-6.703160256256977,0.18807521818396974,0.15159750937917532
1707822229.3,-6.703209836851294,0.1842506724303272,0.152166449267672
1707822229.4,-6.702716427418981,0.17938875266491758,0.1515380646273775
1707822229.5,-6.704035032156722,0.17354067703025697,0.15156060179101813
1707822229.6,-6.708902069587952,0.14780658040277814,0.1480289549120035
1707822229.7,-6.709552087455296,0.14494595864181445,0.1470588328723155
1707822229.8,-6.703718556266472,0.15668895072419506,0.15879434543815413
1707822229.9,-6.703571482646585,0.15377116431716928,0.1591483368612428
1707822230.0,-6.703994040603537,0.14945005809815212,0.1596486392902087
1707822230.1,-6.702832597457956,0.14307973612773203,0.15819885666480607
1707822230.2,-6.702100250295163,0.1399010608730362,0.1587237580085788
1707822230.3,-6.704085704011066,0.12678762880265967,0.1579813012145108
1707822230.4,-6.704845205458645,0.12051704968574814,0.15701413409715628
1707822230.5,-6.702609839621309,0.12134906147088628,0.158458087805132
1707822230.6,-6.702488058881304,0.1177776662735843,0.15807577920567897
1707822230.7,-6.702562047972424,0.11623073153860794,0.1579359815035507
1707822230.8,-6.7035417541106765,0.1115255055078885,0.1583205042819349
1707822230.9,-6.703028662253758,0.11072630430921013,0.15847865622629423
1707822231.0,-6.702909821439763,0.10937108594689235,0.15826347058690057
1707822231.1,-6.70332788041927,0.10469191002092357,0.15827424890019018
1707822231.2,-6.707029350555346,0.03622271953846232,0.14905646861120703
1707822231.3,-6.706899268793245,0.03453194043635774,0.14917793321995265
1707822231.4,-6.706996759610052,0.029521277075240188,0.14948496621634055
1707822231.5,-6.705525967177725,0.01623098994239555,0.14678208867502657
1707822231.6,-6.705460321495349,0.011428674494943641,0.14687912291553373
1707822231.7,-6.705946884408664,0.00863898473524502,0.14691237434246457
1707822231.8,-6.7062970335783545,0.00382389704648764,0.14677543407113192
1707822231.9,-6.706002710911279,0.0020949403077407946,0.14692397724264475
1707822232.0,-6.705815954514892,0.0004466172987915573,0.14720176607269886
1707822232.1,-6.7036114060505145,-0.0390545371953224,0.14519835151571334
1707822232.2,-6.707049923537655,-0.07345222069106486,0.13927535496255966
1707822232.3,-6.706401730422052,-0.07145074332174531,0.1394750626629736
1707822232.4,-6.706196607766603,-0.08758133396687853,0.13774292400548022
1707822232.5,-6.706896253694979,-0.09230500989218074,0.13762521448027965
1707822232.6,-6.7070096593891355,-0.0940127576662986,0.13806304541134323
1707822232.7,-6.696032761082184,-0.12551993050930024,0.13314993333580677
1707822232.8,-6.700176292414043,-0.1295766553747473,0.13712413378729116
1707822232.9,-6.700000904353861,-0.1298629108211691,0.13691874842277937
1707822233.0,-6.700991230520287,-0.1368973782046863,0.13699442742726906
1707822233.1,-6.701246049907617,-0.14159838632170432,0.13718962282083227
1707822233.2,-6.7028088564207176,-0.14921000612659466,0.13768815843028454
1707822233.3,-6.702168078688596,-0.14955294913627906,0.1376763464696195
1707822233.4,-6.702484746311928,-0.1567751209300912,0.13775777413096066
1707822233.5,-6.701867173939898,-0.15604655630192957,0.13788216198166414
1707822233.6,-6.7028470849646276,-0.1608402687988766,0.13788057502523549
1707822233.7,-6.70238788976975,-0.16345074533523699,0.13773822903333244
1707822233.8,-6.70226102618868,-0.16472593201523214,0.13791404534122967
1707822233.9,-6.702229449678682,-0.1687993557612895,0.1380744359243021
1707822234.0,-6.701973261091267,-0.16736904246325837,0.13815964330884495
1707822234.1,-6.7022561356991455,-0.17165045156910244,0.13836203672319503
1707822234.2,-6.702152365849587,-0.17449755727805163,0.13787271901295678
1707822234.3,-6.7009160390540785,-0.18057459968850934,0.13858901679098648
1707822234.4,-6.700425328228917,-0.18333257206122758,0.13861933128760812
1707822234.5,-6.687144401196345,-0.2136225858747858,0.13926319056274783
1707822234.6,-6.687284151834862,-0.21820682050825216,0.13917065636797057
1707822234.7,-6.687182741751891,-0.21572986217485138,0.13952127089909427
1707822234.8,-6.686410523806169,-0.2239612221058425,0.13453515306699704
1707822234.9,-6.686094353128375,-0.22382398740237688,0.13526749447143863
1707822235.0,-6.685969169033279,-0.22647003848378658,0.13530777897925303
1707822235.1,-6.686279404891544,-0.228487397329199,0.13581430830598895
1707822235.2,-6.685682894868906,-0.23385038433114216,0.13587851174820273
1707822235.3,-6.686129801684104,-0.22960241075878665,0.13552219753735387
1707822235.4,-6.683522002718138,-0.2379710317955779,0.13525401477106158
1707822235.5,-6.6822857445194215,-0.24036715762644326,0.13588735105977715
1707822235.6,-6.680579659277333,-0.2515105338682526,0.13545618400873166
1707822235.7,-6.667392640269234,-0.3703940725172916,0.1175329732200513
1707822235.8,-6.668270714177811,-0.3730265242309272,0.11767855877581901
1707822235.9,-6.667030792912505,-0.3749127264901275,0.11738862203063602
1707822236.0,-6.665969225220534,-0.3746796891498023,0.11756164751766196
1707822236.1,-6.666480121777137,-0.3812531471424807,0.11774740611774187
1707822236.2,-6.666295154154091,-0.37801626643007125,0.11775239642933
1707822236.3,-6.6667588523569,-0.378499051701936,0.11739351009066201
1707822236.4,-6.665167961318537,-0.37930011083392556,0.1176593567642088
1707822236.5,-6.664781671068024,-0.3824862895741796,0.11765685082852356
1707822236.6,-6.661157179557187,-0.40031416751011295,0.11693647780491107
1707822236.7,-6.661457653938313,-0.40273437550438085,0.11730595284889969
1707822236.8,-6.660437978218344,-0.40559382580586534,0.11720086671755003
1707822236.9,-6.65937914930699,-0.4127133366471185,0.11776307534156613
1707822237.0,-6.648569821961755,-0.4367537933504504,0.11803244062527848
1707822237.1,-6.645614012123166,-0.4434070657716902,0.11753891175522696
1707822237.2,-6.6437572281109345,-0.44732074035505787,0.11743531998577822
1707822237.3,-6.6429283593932125,-0.447800589634596,0.11691800676283984
1707822237.4,-6.64226774472561,-0.45018526848323437,0.11663077655194637
1707822237.5,-6.641916425756267,-0.4515070565654071,0.11755983123599192
1707822237.6,-6.642000636174024,-0.4509434367025189,0.11715201831123007
1707822237.7,-6.633174051444766,-0.4757369206719926,0.11201750058940632
1707822237.8,-6.631200454638255,-0.4827041896007829,0.11271402052284873
1707822237.9,-6.632063226104078,-0.48202233651379056,0.11201459662088178
1707822238.0,-6.616955688491907,-0.5401762631078453,0.10846788265097332
1707822238.1,-6.615253396983559,-0.5461407086041572,0.10737175023407375
1707822238.2,-6.611242515669441,-0.5545074439850002,0.1063010858593274
1707822238.3,-6.608550801218562,-0.5586989621579745,0.10505706926003927
1707822238.4,-6.607742646775878,-0.5617726733530242,0.10592168177671926
1707822238.5,-6.603618645925015,-0.56386772439592,0.1046581682935592
1707822238.6,-6.6019265037507004,-0.5693551075694041,0.1051046713241188
1707822238.7,-6.598277679108505,-0.5786589862788654,0.10705911299505061
1707822238.8,-6.589412367625539,-0.5867901409300538,0.10574838715426746
1707822238.9,-6.591251579772548,-0.583241434055761,0.10575694236978964
1707822239.0,-6.587635362139021,-0.5879594608243786,0.10648459737249111
1707822239.1,-6.581319250051332,-0.597872908885831,0.10893865869755381
1707822239.2,-6.577387575995096,-0.6075014467783435,0.11073375593064527
1707822239.3,-6.578210130282518,-0.6059989823736005,0.10824280252576504
1707822239.4,-6.57369600110703,-0.6107301084298518,0.1104539074083217
1707822239.5,-6.562702758466539,-0.6274824274934787,0.11450764802308902
1707822239.6,-6.563180305690678,-0.6280729251663513,0.11625803341532445
1707822239.7,-6.564223797341913,-0.6327761000025001,0.1126821621152865
1707822239.8,-6.5580395898964605,-0.6432874399598079,0.11412171220224701
1707822239.9,-6.563065049232692,-0.6331077790335,0.11355988822568816
1707822240.0,-6.561053685045218,-0.6345253267588242,0.1076779974798941
1707822240.1,-6.552418470261377,-0.6561542410130741,0.11028713366681225
1707822240.2,-6.549205783928495,-0.6600866760660582,0.10956030702691108
1707822240.3,-6.546327628927562,-0.66493923517844,0.11023472040659185
1707822240.4,-6.530017554707958,-0.7122109479319942,0.10825207755453223
1707822240.5,-6.535347275462663,-0.696434598678769,0.10860492859467738
1707822240.6,-6.529744184358459,-0.7030348740698595,0.10822779772783989
1707822240.7,-6.524544533160614,-0.7175799189163359,0.10413048961475979
1707822240.8,-6.51995519664069,-0.7166628293602375,0.11252209694069876
1707822240.9,-6.505382248256066,-0.7418634685735117,0.11239482765146225
1707822241.0,-6.506127211240412,-0.7379849254256154,0.11523096689024492
1707822241.1,-6.512435707473929,-0.7277780392018223,0.11044562272129346
1707822241.2,-6.495625890741757,-0.7585056367182823,0.11151193181496682
1707822241.3,-6.487032542068575,-0.7758641391882104,0.10276818239341623
1707822241.4,-6.489757277557911,-0.7693257179014006,0.10439438492929634
1707822241.5,-6.4876977273586744,-0.7717554439875844,0.10345563257690366
1707822241.6,-6.480427802749419,-0.7832572511381823,0.1048990760978128
1707822241.7,-6.47765462623972,-0.7883528065606067,0.10451309554111488
1707822241.8,-6.486167303560881,-0.7726802477926495,0.10276859385089016
1707822241.9,-6.474167767063832,-0.794293857584796,0.10772171283982143
1707822242.0,-6.470054478005775,-0.796851895349868,0.10707588400092252
1707822242.1,-6.4685640694386874,-0.7992202799384465,0.10366247652155552
1707822242.2,-6.469936269698231,-0.7951107527573014,0.10571801056313843
1707822242.3,-6.431935054175274,-0.8793608284883458,0.10421863512029306
1707822242.4,-6.403373266767684,-0.9170443088977234,0.06872187989771641
1707822242.5,-6.412055555596275,-0.8843681904083629,0.0806408180663922
1707822242.6,-6.405932145505025,-0.9154419849368283,0.08009015061528096
1707822242.7,-6.406547308888527,-0.9166642481559257,0.08327028712393209
1707822242.8,-6.405269593398391,-0.9263331728182995,0.08338097486216864
1707822242.9,-6.397005033659171,-0.9323209450008447,0.0853328068908959
1707822243.0,-6.402672320062885,-0.9184211892695358,0.08833624237050383
1707822243.1,-6.395701633328924,-0.9411851042722092,0.08081881599869073
1707822243.2,-6.369465156719802,-0.9713737221140424,0.07885016840984349
1707822243.3,-6.3658887712705186,-0.9731223011656416,0.08372244697600725
1707822243.4,-6.373428361756743,-0.9480518498928407,0.082755277777802
1707822243.5,-6.375460769741519,-0.9435723829661942,0.08250045406896153
1707822243.6,-6.370516973159699,-0.9498505450173449,0.0813913409428515
1707822243.7,-6.357740798066075,-0.9684640760686973,0.07887295106216122
1707822243.8,-6.357433334636643,-0.9624291045975595,0.08254040589340556
1707822243.9,-6.352164018019843,-0.946747040442127,0.08974699447957016
1707822244.0,-6.33874493039115,-1.0245486858798294,0.09132354131196263
1707822244.1,-6.326675928667853,-1.039554572101381,0.08828065985423314
1707822244.2,-6.308154686931687,-1.039500012122842,0.07600063251847156
1707822244.3,-6.299739657359507,-1.0255413061609586,0.06447035125147614
1707822244.4,-6.288890080481799,-1.070482960815988,0.07969201363110598
1707822244.5,-6.286770813824764,-1.0708436815165825,0.08062677618111072
1707822244.6,-6.285006965746256,-1.0717994369096477,0.0797879087391758
1707822244.7,-6.284394203557523,-1.074275720853923,0.07933017171330453
1707822244.8,-6.281206267785888,-1.0730496114379282,0.08209350611040278
1707822244.9,-6.2715367231216375,-1.0803109618810198,0.08066105542080726
1707822245.0,-6.282155788728423,-1.0725453875811712,0.08015790597727374
1707822245.1,-6.287323403441241,-1.0691870244403703,0.08017597426372403
1707822245.2,-6.284083530207798,-1.0468263955885593,0.07578254211147145
1707822245.3,-6.265521857532771,-1.0529844964611594,0.07265980790288992
1707822245.4,-6.2605923637718,-1.056686509851988,0.07544520469226251
1707822245.5,-6.255902467381323,-1.0568649942004973,0.07517310818675418
1707822245.6,-6.250467794936999,-1.0605257048716348,0.07030600709036289
1707822245.7,-6.248838187633894,-1.0440679751134254,0.0750278572531192
1707822245.8,-6.237248318925314,-1.085917418494595,0.08544253437693955
1707822245.9,-6.219380891619978,-1.1059472330004543,0.07965528527239016
1707822246.0,-6.226337159255422,-1.0944860298706958,0.09025426587760715
1707822246.1,-6.229016544195654,-1.0883950104443942,0.08990025142823471
1707822246.2,-6.2201543168494675,-1.1004647464054453,0.09201403309197717
1707822246.3,-6.215219137539827,-1.1146387933886663,0.07847924144203391
1707822246.4,-6.222311127334833,-1.1124090242932787,0.07994053114086003
1707822246.5,-6.209031715176718,-1.1187442007217554,0.07764397828104161
1707822246.6,-6.1870825298567915,-1.135104025106125,0.08182866163852731
1707822246.7,-6.1885338046310086,-1.135066964116809,0.08092157357233515
1707822246.8,-6.173907860871931,-1.1461401442309722,0.08033942655963736
1707822246.9,-6.159831181483345,-1.1529832096056152,0.08301121248881985
1707822247.0,-6.1696817741286605,-1.1471889295053839,0.07971700691125716
1707822247.1,-6.169637877391286,-1.1495897727553397,0.08164235460703409
1707822247.2,-6.146609325835348,-1.1616934103467156,0.07822977757620284
1707822247.3,-6.148395757480852,-1.1623911408558734,0.07946768350674435
1707822247.4,-6.155078577828594,-1.165406410137073,0.09199421848466205
1707822247.5,-6.1192832779728334,-1.1944096986444237,0.09185790238653863
1707822247.6,-6.1313925969237815,-1.1869188680145084,0.0938306033126513
1707822247.7,-6.129336621808972,-1.1885218358374037,0.09329688187308477
1707822247.8,-6.134436243171142,-1.1708570382302754,0.07854689340540164
1707822247.9,-6.151555133014416,-1.141192994174123,0.07362284703749933
1707822248.0,-6.142607382078757,-1.1455088893369212,0.07047293231443025
1707822248.1,-6.071125792370583,-1.238482217081523,0.06417050665658258
1707822248.2,-6.048459963741936,-1.274749337256335,0.05870408978711447
1707822248.3,-6.018097596014301,-1.3112532551145455,0.058248357274047646
1707822248.4,-6.023404384283686,-1.3044168381759633,0.05667395676635023
1707822248.5,-6.02078791352963,-1.3133484168893943,0.06154632642577021
1707822248.6,-5.990846944356537,-1.3541308998685533,0.05596648821348857
1707822248.7,-6.016756908724757,-1.3179923144506385,0.056365238504300516
1707822248.8,-5.999086743861918,-1.3346175440867476,0.06056138591758242
1707822248.9,-5.9681434039889565,-1.4029202874406268,0.08624605979884645
1707822249.0,-5.958738242490253,-1.3849927513568583,0.07002545449445666
1707822249.1,-5.963587671553991,-1.3853141775130486,0.05469670490477985
1707822249.2,-6.005469275345433,-1.2904697989614922,0.07079984181404983
1707822249.3,-5.950410461535903,-1.3922056759014354,0.0475803076191922
1707822249.4,-5.925094719793059,-1.4042168901914798,0.056115240031369806
1707822249.5,-5.938149295321798,-1.414202332521018,0.08318302486432422
1707822249.6,-5.942540354774497,-1.4181495733026939,0.08069907840265372
1707822249.7,-5.922755474129889,-1.4233286427110885,0.08158343942788784
1707822249.8,-5.898494053539138,-1.458150694939126,0.08806006535760214
1707822249.9,-5.939921737039874,-1.386412856266852,0.08878442453248997
1707822250.0,-5.9316848613828235,-1.3803702894592285,0.09672877732237467
1707822250.1,-5.870025766194977,-1.4871031254649971,0.08143225175426841
1707822250.2,-5.883243370611748,-1.4566982814729332,0.0754332539882911
1707822250.3,-5.844320978593722,-1.5093252120257503,0.05380160430399372
1707822250.4,-5.865279971520664,-1.4678920259553452,0.06766295961793437
1707822250.5,-5.806866064947229,-1.561353990649319,0.0454250060092371
1707822250.6,-5.855310856434376,-1.4648015423304894,0.0513601983865901
1707822250.7,-5.845184985569305,-1.51044756779425,0.08223726384407512
1707822250.8,-5.8267352917063,-1.49972917496223,0.06391950053091291
1707822250.9,-5.7839292346890305,-1.6067460558728548,0.051847725176336276
1707822251.0,-5.784144683674583,-1.5763688599772536,0.02234497996603718
1707822251.1,-5.770494077839583,-1.5815488883954416,0.0057570886410241995
1707822251.2,-5.7133706616632915,-1.689284925605561,0.0028074624021135475
1707822251.3,-5.722477634269228,-1.6783876764035568,0.014262809486016464
1707822251.4,-5.726550638041572,-1.677612661740761,0.034532183632788996
1707822251.5,-5.704316049078845,-1.7064410876133589,0.03177073103218328
1707822251.6,-5.686146160277397,-1.6941427905878659,0.01201437600195479
1707822251.7,-5.733134081210786,-1.584330118824451,0.05121296115692739
1707822251.8,-5.684130664971424,-1.6722488876188546,0.027068764171958
1707822251.9,-5.686308372522585,-1.6332955358968824,0.0057602506556087285
1707822252.0,-5.708694040740127,-1.6181596626706212,0.021149555311657908
1707822252.1,-5.653395020224502,-1.7364624993665807,0.011985346173760139
1707822252.2,-5.664081536200445,-1.6853720858810126,0.014248545681865038
1707822252.3,-5.648048401541292,-1.7087186251813595,0.026950379667402907
1707822252.4,-5.6372280395110845,-1.7240433852083124,0.044539599341184496
1707822252.5,-5.604275516363294,-1.7559557109576729,0.020224438039617376
1707822252.6,-5.647048089284094,-1.6766135783843914,0.042675377641598206
1707822252.7,-5.623525619427699,-1.7152386482893345,0.020166542838381957
1707822252.8,-5.6274022268870665,-1.6979064578333039,0.01196724981866562
1707822252.9,-5.59739918489965,-1.767162545984094,0.03827655683969547
1707822253.0,-5.634176491016851,-1.7434792424427046,0.01806489875768763
1707822253.1,-5.599279765328485,-1.751532480186508,0.010245412992786418
1707822253.2,-5.596766465083051,-1.758256213323737,0.025197850953156686
1707822253.3,-5.595793197662027,-1.7588707073990038,0.025437063461848472
1707822253.4,-5.590808347479073,-1.767853863127661,0.02440570096145142
1707822253.5,-5.590254974077963,-1.7657166792101042,0.025857687058241652
1707822253.6,-5.5924823614430625,-1.7633762555208856,0.026382635368986676
1707822253.7,-5.546992949527812,-1.852417525100331,0.023765748922509586
1707822253.8,-5.563129935721991,-1.7986210500138649,0.025218394716508052
1707822253.9,-5.540949756035168,-1.8360109730543783,0.018929514391946928
1707822254.0,-5.51710019946512,-1.8941391943553485,0.0067225039755592075
1707822254.1,-5.495684845623901,-1.9096666326022869,0.009964674608153146
1707822254.2,-5.504542793120183,-1.9005515047845167,0.0020794403335087364
1707822254.3,-5.508267036167896,-1.8982976300153571,0.010042909054476856
1707822254.4,-5.506445567864882,-1.8843735108215538,0.014970421084742225
1707822254.5,-5.516039549965972,-1.8924666912641661,0.007514558784267017
1707822254.6,-5.505463136469307,-1.9001505336099294,0.001114702151791519
1707822254.7,-5.506661898765078,-1.8936866955047116,0.0027934281384176807
1707822254.8,-5.5165421600977735,-1.8884633711404446,0.005134138710485986
1707822254.9,-5.489737375187016,-1.9390379318736841,0.0017312937456800126
1707822255.0,-5.4944910858548965,-1.9061864785278726,0.0017880701305457297
1707822255.1,-5.48657242710482,-1.9179511802871165,0.0009578261952446904
1707822255.2,-5.480309811098633,-1.9687912452538312,-0.024602745841965354
1707822255.3,-5.495529668163562,-1.9061500534405496,-0.0070836217655177725
1707822255.4,-5.500284794478781,-1.8918835508969758,-0.017021571751676033
1707822255.5,-5.511007110434509,-1.85436016852625,-0.021363404357813823
1707822255.6,-5.509841791903807,-1.861347137213341,-0.012222037777749752
1707822255.7,-5.512725385131213,-1.876731028086877,-0.011246891449678012
1707822255.8,-5.502057599321719,-1.857260127713947,-0.013181877697733567
1707822255.9,-5.500795658447178,-1.8644696832940897,-0.013235956479341025
1707822256.0,-5.501797503693582,-1.8594872392629724,-0.012626397004377829
1707822256.1,-5.492888213956031,-1.8320226862909093,-0.007756461677808496
1707822256.2,-5.490255226095618,-1.842384733939428,-0.008977404148378498
1707822256.3,-5.496084241164323,-1.8236509517833093,-0.00794597035811831
1707822256.4,-5.497392462865473,-1.8218379177450428,-0.009630624150486572
1707822256.5,-5.497464373176464,-1.8225413389449223,-0.00847003373107006
1707822256.6,-5.503733770021652,-1.8058815663612418,-0.00986041486227611
1707822256.7,-5.505504769688614,-1.8004627250863756,-0.009764266042457045
1707822256.8,-5.5350612518261695,-1.779448977712439,-0.011904342726157334
1707822256.9,-5.535603929567418,-1.7821059679100901,-0.012416326077008558
1707822257.0,-5.536968950136048,-1.7763525689741844,-0.01109756133117721
1707822257.1,-5.54242700321867,-1.7596510591497045,-0.010082667451536409
1707822257.2,-5.544419229030676,-1.759496208388155,-0.01064116121665417
1707822257.3,-5.5491257200535165,-1.7449643830716874,-0.01112579738453838
1707822257.4,-5.5547303102762795,-1.732365972418959,-0.00949880400625834
1707822257.5,-5.557405960565286,-1.7256194970063532,-0.009945371930612207
1707822257.6,-5.565611330002522,-1.705222299710826,-0.009273956858323607
1707822257.7,-5.567902674256494,-1.6996067539030137,-0.009135167718136827
1707822257.8,-5.5697622189891955,-1.690504089601557,-0.009311244697683796
1707822257.9,-5.57277250842731,-1.6667550405024134,-0.0077542631697516545
1707822258.0,-5.5743120507850366,-1.6601438890992364,-0.007141150922358577
1707822258.1,-5.58024968660693,-1.6419550360844648,-0.006203408693089121
1707822258.2,-5.583976027495725,-1.6343514777567205,-0.010063307795337269
1707822258.3,-5.585412299362004,-1.630332524457435,-0.01012680477230371
1707822258.4,-5.586743911257129,-1.621040789919895,-0.010383578528527143
1707822258.5,-5.618242571793473,-1.5440933455196897,0.008075907324918613
1707822258.6,-5.62072747010889,-1.531250357434731,0.008682368610977403
1707822258.7,-5.624924328764906,-1.4940935335899377,0.014056048001202207
1707822258.8,-5.628590302361343,-1.489900212555932,0.012832322607669505
1707822258.9,-5.63140321303378,-1.4681181496268216,0.013866688933332524
1707822259.0,-5.649564736287416,-1.4331124426887234,0.012853284600970183
1707822259.1,-5.65277843658254,-1.4204097987901818,0.014364535224347316
1707822259.2,-5.6635833812523275,-1.3997903110884429,0.015043397480106482
1707822259.3,-5.673032171415268,-1.3825548638618197,0.017491292153038324
1707822259.4,-5.680623008452974,-1.3329055243742827,0.025364314913401742
1707822259.5,-5.686664039809917,-1.3244655317065481,0.02262821846223488
1707822259.6,-5.701481317879919,-1.2848064928871223,0.02567006559307468
1707822259.7,-5.714915085941166,-1.2730848020587056,0.028900586144337423
1707822259.8,-5.731452338477176,-1.231651600878783,0.032123940931870196
1707822259.9,-5.7389956652773515,-1.2169730657047813,0.03001994299722871
1707822260.0,-5.743695610616123,-1.2097486034754243,0.030897805057043648
1707822260.1,-5.764635477705104,-1.1802155429710834,0.027408647288517746
1707822260.2,-5.764808603577677,-1.166040685309962,0.028795715583288112
1707822260.3,-5.771750202256234,-1.1493072170632515,0.027382700167031593
1707822260.4,-5.781284374801889,-1.1325002501706225,0.0273901630276136
1707822260.5,-5.79329129777146,-1.1094989851240926,0.025332560248125996
1707822260.6,-5.8048224682944065,-1.0861336102408965,0.024667018028281168
1707822260.7,-5.8245706430271165,-1.0438017208708976,0.024166153225549367
1707822260.8,-5.851757682839582,-0.9746902586138317,0.05118090362674632
1707822260.9,-5.857306104872524,-0.9767378939686979,0.04759566307973828
1707822261.0,-5.869513729120868,-0.963655769128591,0.043585472232109276
1707822261.1,-5.890053853612742,-0.9337297313621729,0.048103430380187204
1707822261.2,-5.8995805520794695,-0.930226970328117,0.04711427036845765
1707822261.3,-5.91811760064221,-0.8865325031220774,0.04176305728231372
1707822261.4,-5.936964230577311,-0.842146360053748,0.04276153860448782
1707822261.5,-5.927915446733631,-0.8750725725707096,0.029935374843565232
1707822261.6,-5.959273471609559,-0.8045207166211379,0.041458856282432344
1707822261.7,-5.967269304601009,-0.8065231821102958,0.0368734231031847
1707822261.8,-5.99418471954768,-0.7353344989382979,0.0396899526662918
1707822261.9,-6.009026626335145,-0.7269601981343394,0.05034300767301984
1707822262.0,-6.007196295074876,-0.7331512344310556,0.03299342588632441
1707822262.1,-6.026898585624844,-0.7195418224424939,0.05288996252687572
1707822262.2,-6.040133964323712,-0.7079255238708642,0.051823677660990136
1707822262.3,-6.05315929218643,-0.6980084658281773,0.045481038333599746
1707822262.4,-6.063918764194383,-0.6834679562716042,0.054989236424737076
1707822262.5,-6.055890895629024,-0.6878764713320329,0.05479758651733692
1707822262.6,-6.092161681566129,-0.6503738756995954,0.060701058973688965
1707822262.7,-6.094691967128438,-0.6461472997698798,0.05839766163652153
1707822262.8,-6.082525198440231,-0.665219768785412,0.058444351367162764
1707822262.9,-6.141498395636263,-0.5902879033729296,0.06011141582343048
1707822263.0,-6.176144407905542,-0.5382509501343609,0.06265354094980816
1707822263.1,-6.19285695382302,-0.5083424103980139,0.07436843670806095
1707822263.2,-6.194920735989076,-0.5159968071254355,0.07030547806832974
1707822263.3,-6.243151687087902,-0.3909143014623997,0.0700542406950635
1707822263.4,-6.2698662725216545,-0.3723947827898535,0.06259512907439949
1707822263.5,-6.300073705925957,-0.29166927949011145,0.07853298147397153
1707822263.6,-6.306775040130577,-0.3135912858670047,0.10193863905691028
1707822263.7,-6.318249710322948,-0.32171560110964825,0.09635450223176084
1707822263.8,-6.348143136591541,-0.2817151799434494,0.08593780037843338
1707822263.9,-6.370567834631647,-0.2517111491081543,0.08291502581698684
1707822264.0,-6.384895617468655,-0.2333555581124858,0.08392435408723214
1707822264.1,-6.3912010050310135,-0.23150418375532114,0.10144181398600566
1707822264.2,-6.411541194755151,-0.2245067143152151,0.0895242861337408
1707822264.3,-6.426835572577096,-0.23512553467098243,0.09092064047761811
1707822264.4,-6.476181909238785,-0.12188089610464983,0.10612957991461355
1707822264.5,-6.490807451828467,-0.11797196432211468,0.10455631629510562
1707822264.6,-6.500879957976617,-0.10616665731917577,0.10797734083590721
1707822264.7,-6.525931639040304,-0.08894412063899695,0.11001723269981112
1707822264.8,-6.535602252786984,-0.09896330408639711,0.11322272912488088
1707822264.9,-6.562765155327739,-0.04916326158710119,0.10486036091886405
1707822265.0,-6.581577819786237,-0.015448559119082966,0.13121459543834796
1707822265.1,-6.598973587049395,0.017530909202620765,0.12041548396515162
1707822265.2,-6.651113067307958,0.11470134304534627,0.1267214322216102
1707822265.3,-6.6458206000534235,0.10118748760577898,0.13213419335870413
1707822265.4,-6.650539643280528,0.058146319828445064,0.1170153711280541
1707822265.5,-6.666150951218702,0.06552696412261458,0.121106637394435
1707822265.6,-6.70555986628082,0.15334209617097924,0.12684240295735424
1707822265.7,-6.715133338522373,0.15264667426410325,0.13096723492971085
1707822265.8,-6.738678954730513,0.19422261301159846,0.14049358275864487
1707822265.9,-6.727837119219989,0.14300027148624592,0.1233459114391495
1707822266.0,-6.759035373403866,0.1954917533366156,0.14089013196557304
1707822266.1,-6.772685681026081,0.21716604308679407,0.14543240980822408
1707822266.2,-6.77171881690952,0.1943640212627222,0.1334092362752456
1707822266.3,-6.784617270230894,0.18326834341197903,0.14264151930197422
1707822266.4,-6.800577658062235,0.2358352798920997,0.15851580477352806
1707822266.5,-6.823493556217471,0.27833413518230876,0.14755510368447108
1707822266.6,-6.811629855861191,0.25423102184947255,0.13640384175408243
1707822266.7,-6.838391008214921,0.31159810275102484,0.14991432947457098
1707822266.8,-6.844151189404507,0.2658874012177994,0.15048891544917375
1707822266.9,-6.8765861677519835,0.34300333574971575,0.1649627295806344
1707822267.0,-6.863979348381538,0.3232648540292009,0.12542914956782028
1707822267.1,-6.917446452516846,0.3810651159083631,0.13725251189962673
1707822267.2,-6.96945006337359,0.44148392626977073,0.16712251855320137
1707822267.3,-6.996865185207409,0.49434331770517725,0.18688849007789982
1707822267.4,-6.970861624596291,0.44557785727359334,0.16714333188011748
1707822267.5,-6.990633066060918,0.4551626689049544,0.16763136714226795
1707822267.6,-7.031607596782699,0.52053189766857,0.1861224093526698
1707822267.7,-7.035139561394854,0.5046657960346741,0.1891960026413675
1707822267.8,-7.039578528000523,0.491631243077735,0.1673652375002935
1707822267.9,-7.0701907617558994,0.521964637888993,0.15792312493716482
1707822268.0,-7.0735506060501425,0.5207291530569622,0.16528890703076615
1707822268.1,-7.089375348433881,0.5396564472895651,0.17326510291495492
1707822268.2,-7.085254678715002,0.5259129270059668,0.17097248657197392
1707822268.3,-7.103051736514479,0.539600259715195,0.1628027648370764
1707822268.4,-7.112400639336159,0.5507913543206102,0.1682394067062063
1707822268.5,-7.12961834750605,0.5727203095417244,0.1676023566345606
1707822268.6,-7.159964653040471,0.600209416952523,0.16765509051771893
1707822268.7,-7.169873340998603,0.6076160621358306,0.16169692070707492
1707822268.8,-7.196555330587585,0.6204664590492144,0.17007596658959356
1707822268.9,-7.198682421048277,0.6239722125768792,0.17007300510741136
1707822269.0,-7.218908707577769,0.6418417917733901,0.171325097034829
1707822269.1,-7.30811179777041,0.7999151118529382,0.23375528629415315
1707822269.2,-7.346453041458959,0.839341598973695,0.24231800934033965
1707822269.3,-7.335912775828412,0.7753875407275956,0.2275934366262995
1707822269.4,-7.267627816038645,0.7136034502244237,0.159953510644855
1707822269.5,-7.386040990487278,0.838074300046532,0.24153438912788489
1707822269.6,-7.4103053340531035,0.8437152950317739,0.24006647531205516
1707822269.7,-7.425881540897337,0.8627428612674455,0.24832038889738306
1707822269.8,-7.416290462894424,0.8578099143937818,0.23684372289715117
1707822269.9,-7.432122945408717,0.8590100296575154,0.2306042402330719
1707822270.0,-7.483563705931431,0.9666901822403433,0.25708033199032804
1707822270.1,-7.484917568135649,0.9402049340580858,0.23528591802052057
1707822270.2,-7.504871653393934,0.9657457169035102,0.24690040761148668
1707822270.3,-7.505821033860747,0.9918342464550178,0.2438881603973817
1707822270.4,-7.556765448870446,1.0562142715053027,0.26334647124587496
1707822270.5,-7.570653438872116,1.0782596026242974,0.2699708190262492
1707822270.6,-7.570617899942538,1.090176459555553,0.24478652624512337
1707822270.7,-7.61234992852781,1.1913341182670332,0.25713478899369085
1707822270.8,-7.596079840392888,1.0767422760028167,0.25152357671123005
1707822270.9,-7.604522012035827,1.1137633109770706,0.27381627702712635
1707822271.0,-7.628860911281216,1.1394384198163332,0.2705864371864789
1707822271.1,-7.660917941204704,1.1652252389330433,0.2707773389487561
1707822271.2,-7.666058591299206,1.1371373105585312,0.27560681256925323
1707822271.3,-7.667057705379455,1.151924044631467,0.2583438288296416
1707822271.4,-7.70288335019553,1.1957926355107704,0.2738049084384558
1707822271.5,-7.709480749691454,1.219036788372547,0.2699564929613796
1707822271.6,-7.717237689037417,1.2389091341434784,0.27054963434681584
1707822271.7,-7.719025533202978,1.205704052343109,0.24928469030418038
1707822271.8,-7.7200549901587765,1.2143378806671767,0.2595307825145296
1707822271.9,-7.761215581967867,1.2344456989360901,0.283769906798534
1707822272.0,-7.774868296021684,1.2625775948063096,0.28678092393696814
1707822272.1,-7.826991518482074,1.3408977386200294,0.2987926368211691
1707822272.2,-7.823680808173915,1.3273175193431814,0.28805582343476066
1707822272.3,-7.74814255027285,1.2245864794132795,0.2146493637098571
1707822272.4,-7.854890082829839,1.3516013570345728,0.2993830684502332
1707822272.5,-7.891640041629446,1.4332943399370495,0.2983219168354714
1707822272.6,-7.82299514420428,1.3264220510234528,0.23535498178639896
1707822272.7,-7.904349565762607,1.4266749756375117,0.30206906599672395
1707822272.8,-7.906958851254325,1.4198327767715522,0.2965777116487348
1707822272.9,-7.931049281228593,1.467585796736271,0.2930760247626912
1707822273.0,-7.935325303290379,1.4750493894203969,0.3031232965389558
1707822273.1,-7.983452013932536,1.553275435791239,0.3086406979976548
1707822273.2,-7.971460492743161,1.4734823194323663,0.3014574408068432
1707822273.3,-8.009715126120748,1.560487717323985,0.2989149658562153
1707822273.4,-8.006102961902771,1.5458007653038919,0.3053007448388875
1707822273.5,-8.003537720579693,1.553561680034672,0.31446788699621964
1707822273.6,-8.00190531420054,1.5320430086456451,0.3135046664190552
1707822273.7,-8.04393203431433,1.565793187354698,0.3250679914218984
1707822273.8,-8.020161025052268,1.5488369777020037,0.32328951382276866
1707822273.9,-8.018405987140897,1.5407710338939273,0.31652798705907126
1707822274.0,-8.007485041045094,1.5159088424802263,0.30093431969828277
1707822274.1,-8.023487364940141,1.527385359245655,0.29135745807472274
1707822274.2,-8.025374820063398,1.5485323891321474,0.2805794307855803
1707822274.3,-8.036653530067575,1.5700331908452456,0.2983414743220001
1707822274.4,-8.032371801466201,1.5043873857852248,0.2838481717360216
1707822274.5,-8.044206957935883,1.5267007645078705,0.2807113272206311
1707822274.6,-8.091906474706851,1.6275531896579494,0.3091616185282352
1707822274.7,-8.104100185436096,1.5848961537737163,0.3194353077048365
1707822274.8,-8.120696274177618,1.6151708267020932,0.32027378389034955
1707822274.9,-8.132763297584765,1.6689016066152564,0.29974942233598506
1707822275.0,-8.107944602178414,1.671082297752018,0.2525050448739986
1707822275.1,-8.113390131444989,1.6682325587361542,0.28217975346400453
1707822275.2,-8.154559526083514,1.6885292531073015,0.29821156889073924
1707822275.3,-8.112744439860116,1.6519354515157099,0.27169456415830145
1707822275.4,-8.13878568018497,1.6763281358752928,0.3077435079599897
1707822275.5,-8.131138608378304,1.6452951079604408,0.28811721405448343
1707822275.6,-8.136759726764009,1.6341221249875562,0.2875375957821697
1707822275.7,-8.168811630525346,1.6861730334910943,0.32212553658718857
1707822275.8,-8.187446776597533,1.7348951042049487,0.3173984320966328
1707822275.9,-8.201933965000217,1.7656537540249782,0.3032154582075616
1707822276.0,-8.153142616938972,1.712425250058607,0.2704031746373081
1707822276.1,-8.218889735391627,1.8270913791987275,0.29468943922984436
1707822276.2,-8.226363203787859,1.7647537882756767,0.29495622087137136
1707822276.3,-8.253099736928508,1.8128842446081135,0.2588195778550248
1707822276.4,-8.279528577677631,1.826460198122654,0.3235026552522455
1707822276.5,-8.305320594079689,1.8151732901558744,0.33497044557822575
1707822276.6,-8.262133207308912,1.7969283703176202,0.2898810175586146
1707822276.7,-8.217683494479877,1.7613176163518844,0.27683172194807665
1707822276.8,-8.263062706663192,1.831656436936312,0.32586424939209546
1707822276.9,-8.31189738640403,1.8791077278867265,0.3266240255208094
1707822277.0,-8.27940598636259,1.8060368931185484,0.30611881991871637
1707822277.1,-8.31866926413383,1.8384798809542724,0.3014646517277792
1707822277.2,-8.308752930671293,1.8223018533081954,0.2547185854556209
1707822277.3,-8.276252486126936,1.7728984362377884,0.25241609291372336
1707822277.4,-8.275696427773692,1.778064014398091,0.2430106271199659
1707822277.5,-8.347818353288488,1.8975644598048034,0.3161711588248381
1707822277.6,-8.381747985998569,1.9520051570301493,0.319055323280835
1707822277.7,-8.40139952723984,1.9537661746717678,0.33705191087929603
1707822277.8,-8.382490594183144,1.9583574326479918,0.3183015546843272
1707822277.9,-8.406168165080498,1.969806006315211,0.31175021529825286
1707822278.0,-8.383512224033488,1.9690889982078368,0.2966574638527968
1707822278.1,-8.332301120573101,1.8218395461090469,0.2658819116758773
1707822278.2,-8.398310648667202,1.9332531961459087,0.26755980646857336
1707822278.3,-8.43088562284282,1.9451252371406074,0.28100730088394105
1707822278.4,-8.470143473883546,2.0178254630172723,0.3283359376362792
1707822278.5,-8.49342657833488,2.0615136121399456,0.31182654401757376
1707822278.6,-8.40207167712483,1.9135990062239088,0.2662333292029885
1707822278.7,-8.47666334987228,2.010153570254844,0.2799447448320551
1707822278.8,-8.484698770227789,2.006401699209696,0.27220346359344433
1707822278.9,-8.479691270432916,2.0260033907475545,0.2893776810436737
1707822279.0,-8.52949978308242,2.061242959727268,0.36584255302383206
1707822279.1,-8.567855622608132,2.140190489850945,0.33726281887942194
1707822279.2,-8.568655095078675,2.1282638184304097,0.2875484608883638
1707822279.3,-8.517426188160947,2.065922740974512,0.27252853626615087
1707822279.4,-8.55362592311632,2.126909367334524,0.2890779733827895
1707822279.5,-8.577367307328611,2.12683516547714,0.32925037981560235
1707822279.6,-8.567129286109582,2.128501943815612,0.2798946314705729
1707822279.7,-8.670921576078362,2.3205737405626246,0.37313669954564327
1707822279.8,-8.630634599372309,2.1997296048028385,0.36028971347963146
1707822279.9,-8.623155141187745,2.2118420322990153,0.3664281024424642
1707822280.0,-8.678113162500122,2.2608463750475747,0.3879521238021778
1707822280.1,-8.666511341133512,2.2884112814441195,0.3721209482021515
1707822280.2,-8.68641082974294,2.291314972346156,0.3349504882405301
1707822280.3,-8.72097426354155,2.3101132515492693,0.36394531246110384
1707822280.4,-8.698595283395855,2.305193739533724,0.3720483363611217
1707822280.5,-8.728118225309807,2.3649572406320813,0.37305330181896557
1707822280.6,-8.727657789648855,2.345584806779277,0.35204867805303613
1707822280.7,-8.71337654595507,2.3522636142620272,0.36330306384366307
1707822280.8,-8.732859529139297,2.3767331481188325,0.366132406586287
1707822280.9,-8.696034334972353,2.288337967208788,0.31956758960908294
1707822281.0,-8.715280735958636,2.3092918583406497,0.3334268759971854
1707822281.1,-8.773932806517806,2.449671377733594,0.37258282634780615
1707822281.2,-8.757139407352689,2.4049778049713537,0.3779383503711405
1707822281.3,-8.761002734762872,2.3764207797545915,0.3660168892785061
1707822281.4,-8.811359978120116,2.4661140318272423,0.4007229355825409
1707822281.5,-8.801982791793309,2.4367884099115944,0.3673739538974261
1707822281.6,-8.799865506730564,2.4199203953136093,0.33827420938312336
1707822281.7,-8.757299782704907,2.3766961832112012,0.2905488143523178
1707822281.8,-8.814922517123746,2.434519319494175,0.38263557224632316
1707822281.9,-8.817442870150689,2.4252597359415318,0.33323253386805196
1707822282.0,-8.814811174129998,2.4320077381613334,0.3118567348907262
1707822282.1,-8.827977314862384,2.440556685516195,0.307826209727333
1707822282.2,-8.827013821741755,2.448298097987923,0.3805611481236538
1707822282.3,-8.873460382828814,2.4744671585237104,0.3551530501519769
1707822282.4,-8.836731649988618,2.4465348216279117,0.30478610722564353
1707822282.5,-8.855021203932845,2.4682761165998093,0.2787745080931351
1707822282.6,-8.952610878255147,2.5286665217363997,0.38404955795084045
1707822282.7,-8.968813246833772,2.530009456322329,0.36063582399871713
1707822282.8,-9.008174633443005,2.542163779441168,0.3929123887974077
1707822282.9,-8.935271331128433,2.5108663381235345,0.36044524836587344
1707822283.0,-9.07481502275282,2.7052201785612766,0.4315956130813269
1707822283.1,-9.087093017608566,2.611726983095159,0.4526717458310442
1707822283.2,-9.014042945247457,2.580781801931,0.3967872509648334
1707822283.3,-9.132788816372813,2.7639960288193466,0.4639930718115969
1707822283.4,-9.081701056554461,2.6588725324646667,0.44455765611076203
1707822283.5,-9.120076544964892,2.699145776402106,0.4540629096470281
1707822283.6,-9.09208406172807,2.627991106735654,0.42422352877813807
1707822283.7,-8.993621782241007,2.5084333801747225,0.3729812804988454
1707822283.8,-8.998188327849164,2.511454835978928,0.37292176663444004
1707822283.9,-8.999740380767904,2.512204722733199,0.3741428169622726
1707822284.0,-9.01537781829089,2.525484414448687,0.3704783388692205
1707822284.1,-9.001156108775003,2.510468679611707,0.3723241793375758
1707822284.2,-9.003284626909494,2.5191813576981055,0.3743093829532793
1707822284.3,-9.0148282311348,2.5369264600093504,0.37556205520906133
1707822284.4,-9.02214797345241,2.5493666273059947,0.37545630820765347
1707822284.5,-9.013424298081587,2.5171117039168465,0.3686795910297157
1707822284.6,-9.0162339113173,2.5224368281590235,0.371289794217188
1707822284.7,-9.024021839482984,2.5250228973744555,0.37509571379065265
1707822284.8,-9.042181897750847,2.530519689398972,0.3789392740487308
1707822284.9,-9.04191490242938,2.5386032236180984,0.37730125458517894
1707822285.0,-9.037375719380467,2.523996415233018,0.37130513340152466
1707822285.1,-9.042264804756512,2.4067261850111,0.37762809811428333
1707822285.2,-9.04356418049673,2.4103715863575452,0.3771793800187859
1707822285.3,-9.04256944593654,2.40824848373758,0.3775205852492018
1707822285.4,-9.04171250670201,2.4077735624870304,0.37767917011073376
1707822285.5,-9.043093486949099,2.411486126175072,0.37811425205228955
1707822285.6,-9.038874202056446,2.3978663728265386,0.37855038038926814
1707822285.7,-9.03724866728179,2.3989893026861977,0.37885461001608395
1707822285.8,-9.038035711689055,2.398132260684461,0.37871311633383153
1707822285.9,-9.037242860249169,2.3957694538941205,0.3788237618239903
1707822286.0,-9.0349152211546,2.3902933425472535,0.37863841053188996
1707822286.1,-9.034031791208243,2.385949471212592,0.37899587338174895
1707822286.2,-9.033812785807637,2.3861814465231515,0.3797358165947004
1707822286.3,-9.030912209811518,2.380441849606953,0.3796425257436435
1707822286.4,-9.032068086070717,2.380764478426942,0.37904874193903937
1707822286.5,-9.028837444315311,2.3724096571502877,0.3792294749462986
1707822286.6,-9.026515314725625,2.3657995704180355,0.37925411032727663
1707822286.7,-9.028251235405403,2.3708879627128012,0.3793958783894156
